R1:
[0.9994239053666358, -0.005168019369157385, -0.03354324011632907;
 -0.001881078853210377, -0.9952540782869337, 0.09729224632813435;
 -0.03388685473822702, -0.09717309930750578, -0.9946904392055471]
t1:
[3.074493653438729;
 -9.528290884724255;
 175.993718484962]
R2:
[0.9684021944664227, 0.2468407347217395, 0.03559271603360294;
 0.2110808401516151, -0.8872514287198043, 0.4101582391657563;
 0.1328234492606827, -0.3896851984829515, -0.911319580284434]
t2:
[76.58847945876717;
 1.819925596292961;
 238.3356250596614]
R3:
[0.9775095960414328, 0.2071407516815761, 0.0395941743152512;
 0.2055422247014033, -0.9777915530079664, 0.04093986725757467;
 0.04719516407125556, -0.03188083843096981, -0.9983767969204946]
t3:
[65.55916660778227;
 4.543172172574826;
 178.9783502909414]
R4:
[0.912263086376171, 0.406189009415152, 0.05278778140593048;
 0.3606496068576738, -0.8576299131538816, 0.3666098650296677;
 0.1941852783009775, -0.3154067543569785, -0.9288760180977702]
t4:
[121.3509255383008;
 -29.43393442358534;
 255.8793691994876]
R5:
[0.9799087018236191, 0.1951271721879805, 0.04128344419100503;
 0.1914629166950776, -0.9782893615247845, 0.07932135058131445;
 0.05586490509222568, -0.06982343303900373, -0.9959938757731821]
t5:
[60.35345730207759;
 2.090238909075286;
 178.06474426515]
R6:
[0.9996937916828997, -0.02246847933740838, -0.01036775322485795;
 -0.01675504839119723, -0.9229416882796688, 0.3845749710900115;
 -0.01820964645663773, -0.3842834988283246, -0.9230355363170939]
t6:
[1.115314945248587;
 -42.1018948392944;
 244.8000407371307]
R7:
[0.9764574334279557, -0.194334206322385, -0.09362209651753295;
 -0.1810311185796566, -0.9742755855266896, 0.1342192890475326;
 -0.1172971219130627, -0.114110909643537, -0.9865191764437411]
t7:
[-50.49752983220276;
 -14.90351890148748;
 206.8147717544244]
R8:
[0.9162193008328828, -0.3933276666216605, -0.0763907026493624;
 -0.3465093812021729, -0.8735485587926437, 0.3418247565203294;
 -0.2011801220801663, -0.2867163443217969, -0.9366537761513345]
t8:
[-98.78141605312156;
 -61.82505599173492;
 303.5765148670198]
R9:
[0.9998709358324926, 0.0006734719505449936, -0.01605173239831638;
 0.004300041232634897, -0.9738873388147513, 0.2269911032215117;
 -0.01547970680771991, -0.2270308299149108, -0.9737645408132776]
t9:
[6.596857171404787;
 -67.294419049952;
 277.6500963771768]
R10:
[0.999026787773618, -0.02374214600250192, -0.03717240661999569;
 -0.02163886867843844, -0.9981964613643788, 0.05599628453700019;
 -0.03843483671155263, -0.05513741944294522, -0.9977387575433403]
t10:
[-2.559959548713432;
 -42.38745401170633;
 219.2937784956139]
R11:
[0.9631828463513945, 0.2661579999054344, 0.03793050989328768;
 0.2561402614052752, -0.95134152290798, 0.1712935295869707;
 0.08167601227816698, -0.1552714586698532, -0.9844896155576617]
t11:
[80.60281904755246;
 1.764854768286112;
 222.9066717768488]
R12:
[0.9923145380212263, 0.1231983242847382, 0.01157715531349585;
 0.1220533439754157, -0.9898865377372557, 0.07230230723128869;
 0.02036759328293795, -0.07033360007835009, -0.9973155698392959]
t12:
[39.41840464382401;
 -17.51936159137362;
 190.4450238556065]
R13:
[0.9703263336042183, -0.234278676229701, -0.05983567646692234;
 -0.1876296612158901, -0.8856186985080765, 0.4248230585607028;
 -0.1525185777084403, -0.4009900531396247, -0.9032967733457675]
t13:
[-56.72230547518851;
 -1.165035424498918;
 217.9244054285977]
R14:
[0.9586191885337636, -0.2606855178333212, -0.114421642038741;
 -0.2392681648523018, -0.9555273848460952, 0.1723895649318559;
 -0.154272475390396, -0.1378784885366677, -0.9783606317385038]
t14:
[-68.25576548269876;
 -18.21491545644263;
 212.9114987951316]
R15:
[0.799094721311944, -0.5854273307297497, -0.1368300654316389;
 -0.5135119887165893, -0.7829836984329892, 0.3510583504668859;
 -0.3126548637327106, -0.210264995714545, -0.9263020931431831]
t15:
[-157.3286429417171;
 -24.60410139065495;
 271.5408756305237]
R16:
[0.999577858496672, -0.009286100272083457, -0.02752949590791665;
 0.002294774706875707, -0.9193507796069378, 0.3934321771858019;
 -0.02896271417274063, -0.3933292671259696, -0.9189413739787189]
t16:
[9.807157955634272;
 -38.78836193683618;
 232.7638999439221]
R17:
[0.9951774588522653, -0.07516423300224882, -0.06302510190020676;
 -0.06784416860872354, -0.9914820414115355, 0.1111779220178438;
 -0.07084485992744209, -0.1063658762742935, -0.9918000333667383]
t17:
[-16.44817718152497;
 -21.20161274640896;
 192.7532329280864]
R18:
[0.9951485822646271, 0.0983686254850812, 0.001706674215694999;
 0.09151120494551786, -0.9318663266684324, 0.3510710022073906;
 0.03612476416701035, -0.3492116303069788, -0.9363472852912107]
t18:
[37.56895532406826;
 -51.72100693187039;
 263.4391557806086]
R19:
[0.9686565913917571, 0.2457448361419407, 0.03624753043826874;
 0.2431437022693897, -0.967866417971718, 0.06415401007988478;
 0.05084828414053769, -0.05332984597921055, -0.9972814946281701]
t19:
[77.50368055250296;
 -8.210741369191837;
 200.8180387456083]
R20:
[0.8874395722823928, 0.4588219515046138, 0.04397069893396759;
 0.4295674009056737, -0.8578797857170355, 0.2819824840965088;
 0.1671013274225793, -0.2313540362206621, -0.9584114232927428]
t20:
[142.3237421025739;
 -51.84375535334012;
 288.7462587823239]
R21:
[0.9953528574002168, 0.09598884901679029, -0.007670080159643549;
 0.09555126454015565, -0.9746499414284848, 0.2023053324018628;
 0.01194341282886561, -0.2020980765318731, -0.9792924600711048]
t21:
[39.11115217688212;
 -70.27700192791512;
 294.4667317693187]
R22:
[0.9972326544405368, -0.04626204796087363, -0.05819669952795242;
 -0.04261539163960162, -0.9971401259899992, 0.06241392101167709;
 -0.06091766010677298, -0.05976112498200083, -0.9963521699820808]
t22:
[-4.012649661036701;
 -8.804667702041062;
 162.5046977951665]
R23:
[0.8588833713798694, -0.5006129223993886, -0.1081945298704754;
 -0.4282109124795009, -0.8177761127960332, 0.3845486234193058;
 -0.2809889122378723, -0.2839523397807343, -0.916742221091853]
t23:
[-131.0740340144994;
 -27.87813322757935;
 274.0634772238213]
R24:
[0.8419206833854472, -0.5125805251246671, -0.1686142584442429;
 -0.4621367516365559, -0.8462641329447136, 0.2650785545421281;
 -0.2785663039109249, -0.145252272113906, -0.9493695759666798]
t24:
[-137.2224215053182;
 11.57233878836071;
 222.4551778518722]
R25:
[0.9151242308801499, -0.3880836443823926, -0.1092644819641526;
 -0.3473643271615711, -0.8965166754150753, 0.2749470402064549;
 -0.2046598794869258, -0.2136561154415703, -0.9552305470737501]
t25:
[-96.37203173283228;
 -52.20644220724238;
 294.0373355512168]
R26:
[0.9988981290804673, 0.04524306544183495, -0.01247368225376742;
 0.04683665720405795, -0.9778846138550445, 0.2038332885657288;
 -0.002975779140272187, -0.2041929161724175, -0.9789261451833393]
t26:
[24.52099628389455;
 -51.69960104602738;
 302.0886781050351]
R27:
[0.9852733055799369, 0.169692423187643, 0.0209998767684513;
 0.1685903906864964, -0.9845998962731111, 0.04626364044423319;
 0.02852706574042905, -0.04204195251988981, -0.9987085063964141]
t27:
[54.23725180084732;
 0.8698691902834722;
 186.2053377931611]
R28:
[0.9178466849610215, 0.3953099643539074, 0.03588168040345727;
 0.3809292688826473, -0.9026407538443113, 0.2003311299022329;
 0.111581158869207, -0.1702048811928904, -0.9790709593300777]
t28:
[124.1108012852398;
 -53.25275368427857;
 282.9927441368441]
R29:
[0.9288177152491495, 0.367163407750344, 0.04988671013912024;
 0.3629533683337093, -0.9286238739093178, 0.07695812641213512;
 0.07458219797354236, -0.05337352166389346, -0.9957855004621374]
t29:
[113.7048401603665;
 -20.97906076406416;
 240.1836468173]
R30:
[0.9980557417631624, 0.06007148071559212, -0.01661786804075425;
 0.06123293870223564, -0.9947836489284185, 0.0815844289221279;
 -0.01163028595830426, -0.0824433686192997, -0.9965278859215285]
t30:
[26.86917341669343;
 -48.02160513433167;
 228.9395886253312]
R31:
[0.9987393700841304, -0.03756684418341429, -0.03329268481293474;
 -0.01740344043372078, -0.8812585370726365, 0.4723139962966017;
 -0.04708280901798741, -0.4711391758861658, -0.8808013885322161]
t31:
[2.113826229982551;
 -38.59767995768976;
 235.437693500652]
R32:
[0.8039670441119597, -0.5833932199454114, -0.1152794123146159;
 -0.4730678113330556, -0.7448940661620431, 0.4704675079929868;
 -0.360338504551527, -0.3237053924764052, -0.874854834254956]
t32:
[-154.1402797445738;
 -3.709825585357178;
 263.2642118907706]
R33:
[0.8750359637855952, -0.4603146432940195, -0.1497414146150428;
 -0.4041128372198226, -0.8649771099181129, 0.2975019564840795;
 -0.2664674030270114, -0.1998124833107519, -0.9429051355450515]
t33:
[-120.6741999724593;
 22.32769744531212;
 218.4937600128789]
R34:
[0.9982868754784479, 0.05570579869901821, -0.01789352505188354;
 0.05838572964041811, -0.9286035224144618, 0.3664513674879797;
 0.003797475718674872, -0.366868317180373, -0.9302651326516582]
t34:
[29.61661145039607;
 -80.63452004655541;
 289.9074159468778]
R35:
[0.9852328035084023, 0.1704109968629075, 0.01662573424436178;
 0.166695883557109, -0.9768410600252893, 0.1341418124739042;
 0.03909993984763633, -0.1293894725117135, -0.9908226678407452]
t35:
[54.86679170044298;
 -8.972855322618589;
 189.8741529106573]
R36:
[0.8796957625413274, 0.4738216552488111, 0.04035349283654868;
 0.4331855695906252, -0.8334670798437152, 0.3430493974856049;
 0.1961775411847091, -0.2842985505310706, -0.9384501619695396]
t36:
[147.3768582911773;
 -41.43526359736553;
 294.8086540125804]
R37:
[0.999619822369201, 0.02676387005858362, -0.006626159223425909;
 0.02635460964165192, -0.9981041828298145, -0.05561901444886982;
 -0.008102177312493795, 0.05542323950397245, -0.9984300772941894]
t37:
[13.9236894258673;
 13.15923151011082;
 313.7701749335205]
R38:
[0.9971523409163049, -0.0502815999461217, -0.05620471254255728;
 -0.05353925862648803, -0.9968774953177602, -0.05804142585012804;
 -0.05311079730958056, 0.0608853022974187, -0.9967307676465562]
t38:
[-10.98126177268542;
 -9.849065982635999;
 181.3290811497452]
R39:
[0.8326436147246803, -0.539632512430171, -0.1245044673355925;
 -0.4831081883197136, -0.8176655126072319, 0.3130967707773371;
 -0.2707602061541954, -0.2005488993264576, -0.9415248534915492]
t39:
[-144.3349654723724;
 -35.68644383235196;
 287.0472976686829]
R40:
[0.8691590279072297, -0.4681561917450786, -0.1593498175025775;
 -0.451131063464861, -0.8825926714396934, 0.1323289080209195;
 -0.2025915787598859, -0.04312721242661832, -0.9783131889961856]
t40:
[-129.7256069763534;
 32.86553105003349;
 242.3101166577669]
