R1:
[-0.1633200118867431, -0.822666891726801, -0.5445601518417206;
 -0.986454087401492, 0.1275950627524089, 0.1030913837820525;
 -0.0153266815130902, 0.554020473644948, -0.8323619450791966]
t1:
[49.65054564122145;
 -37.68935421426431;
 587.8343249705878]
R2:
[-0.155163421799573, -0.8425723956629886, -0.5157480689272426;
 -0.9822021406849332, 0.07564109285961917, 0.1719225985870882;
 -0.1058454881862345, 0.5332449560359053, -0.8393131414989776]
t2:
[53.38767556392347;
 -78.40787102252295;
 521.5970103882551]
R3:
[-0.155349447905234, -0.9038780956614874, -0.3985861728897556;
 -0.9808716911520081, 0.1890440429038787, -0.04640124286219078;
 0.1172914086032669, 0.3837534860114233, -0.9159563239816304]
t3:
[59.73340871517221;
 -58.37911325769713;
 489.151727146957]
