R1:
[-0.00243447345775416, -0.8847887961704731, -0.4659859005487061;
 -0.9967718809122966, -0.0352480373157984, 0.07213454989078671;
 -0.08024892997134477, 0.4646572522156404, -0.8818467821576859]
t1:
[-15.68071623823851;
 -40.55901804550256;
 413.6943816737262]
R2:
[-0.1340344421051227, -0.8926979208080444, -0.4302617697571601;
 -0.9836247189181623, 0.1726354269275258, -0.05176313072755179;
 0.1204872634876207, 0.4162780699899357, -0.9012188345694512]
t2:
[-59.87083862336083;
 14.78912085439859;
 426.4048362199015]
R3:
[0.1332220343080699, -0.8778225391791694, 0.4600863824151449;
 -0.9826171648899928, -0.1775472576361492, -0.05422617974221658;
 0.1292880382648443, -0.4448646547152496, -0.8862167015728768]
t3:
[38.68760280618675;
 12.64223174143004;
 427.7218099064052]
