R1:
[0.0149144480565867, -0.9979178979170941, -0.06274893031674386;
 -0.9997896904371172, -0.01400012398830519, -0.01498570732282522;
 0.01407601274582661, 0.06295923717009506, -0.9979168303621995]
t1:
[-16.52331079691482;
 -12.7701692077117;
 168.962527343362]
R2:
[-0.1724104344231652, -0.9817852368897106, -0.07982725554239226;
 -0.9512424781426672, 0.144907771979368, 0.2722856687322585;
 -0.2557584600340979, 0.1228799668188038, -0.9588994336611096]
t2:
[-64.79988713012277;
 -48.6017335272573;
 268.0466541587094]
R3:
[-0.2295811764301443, -0.960631776229419, -0.1564578982578458;
 -0.9730999625769865, 0.2233788650728401, 0.05637681679056856;
 -0.01920797390716492, 0.1651922308617492, -0.9860743281321647]
t3:
[-93.39890197000956;
 9.428036373811096;
 184.8696356696458]
R4:
[-0.3197650446076394, -0.9384116609733265, -0.1308964124655732;
 -0.9156720098149856, 0.2705571897000403, 0.2972264751717141;
 -0.2435058247526325, 0.2149008181717772, -0.9457920234706159]
t4:
[-109.1136945074833;
 -22.74138727350732;
 234.9810470217814]
R5:
[-0.1110514668901716, -0.9884262725385496, -0.1033492886143366;
 -0.9897705847497168, 0.1006279250280796, 0.1011346145923658;
 -0.08956428565976614, 0.1135232331291336, -0.9894901284369457]
t5:
[-53.39409576915507;
 -1.381607220965265;
 197.1317501049919]
R6:
[0.01874265634372085, -0.9991442250739748, -0.0368718094824188;
 -0.9463309109645914, -0.0296288737838597, 0.3218383706011867;
 -0.3226554195827305, 0.02886082707800906, -0.9460763884984478]
t6:
[-7.265989214676397;
 -25.18151582925111;
 222.1858423428474]
R7:
[0.1348554756046542, -0.9907682275597915, -0.01386794712536517;
 -0.9907941922456798, -0.1350002384328162, 0.01008980848749691;
 -0.01186883784007304, 0.0123796155478407, -0.9998529270883867]
t7:
[23.54221499982615;
 -9.293622015354391;
 165.286445779172]
R8:
[0.2684406006173624, -0.9631501754402598, 0.01677448924964746;
 -0.9481471926001239, -0.2611028532323816, 0.1812241738797923;
 -0.1701662278617392, -0.06455261097203098, -0.9832987416406067]
t8:
[70.06635614305065;
 -28.60771077891924;
 237.3140983438794]
R9:
[0.2179274426079219, -0.9756863620701118, 0.02331850399921945;
 -0.9751956176820445, -0.2186419974844449, -0.03448455001515674;
 0.03874450944465145, -0.01522497311665195, -0.9991331558813825]
t9:
[48.99488857857827;
 -0.05993090345302608;
 180.8267148981164]
R10:
[0.1843224320604483, -0.9828444662456817, 0.006480448253232102;
 -0.9302562854977205, -0.1723242340348003, 0.3239253025873456;
 -0.3172514528434901, -0.06573517729922809, -0.9460604643119459]
t10:
[45.45755943574736;
 -43.71259040030332;
 273.5955852306558]
R11:
[-0.0500522519328146, -0.9962269918606621, -0.07089818590563547;
 -0.9973162865039578, 0.05365224027321569, -0.04981628034709779;
 0.05343216962102091, 0.06821449847298695, -0.996238819484399]
t11:
[-38.35913194050323;
 -30.75517876848662;
 198.3139741845161]
R12:
[-0.2038121923818643, -0.9756561146284969, -0.08096750103914169;
 -0.9325451587185266, 0.1682976558124839, 0.3194298451908665;
 -0.2980270410334206, 0.1406095481681388, -0.9441445004748032]
t12:
[-75.93734068059186;
 -21.27563549870363;
 226.8609005449563]
R13:
[0.04794573898497145, -0.9983811918367226, -0.03059741655549142;
 -0.9953846052820586, -0.05030641888177367, 0.08172363052858082;
 -0.08313058210228914, 0.02653789754251096, -0.9961852469864014]
t13:
[-4.368853104213509;
 -20.87492711177592;
 193.5692974726006]
R14:
[0.3366809950702376, -0.9411044184855771, 0.03111882172316736;
 -0.9236816051439293, -0.3236672167524464, 0.2050654166807733;
 -0.1829158273011086, -0.09778551174201865, -0.97825344048263]
t14:
[92.91851887529168;
 -40.45821777721837;
 260.3770303398688]
R15:
[0.06931994601718594, -0.997253976450812, -0.02606245455090194;
 -0.9973863940966744, -0.06874825406060325, -0.02222742527717301;
 0.02037463999701574, 0.0275351414861472, -0.999413172831102]
t15:
[1.676998079150951;
 -32.81636684756163;
 201.3561224056]
R16:
[0.06082924823103852, -0.9981081022607501, -0.008945320625382837;
 -0.9231144859465323, -0.05966328093430651, 0.3798683176362875;
 -0.3796833528024584, -0.01484954913787756, -0.9249973202637325]
t16:
[4.502387957236657;
 -29.06415661709131;
 220.292240065386]
R17:
[-0.12490195550074, -0.9875785610339637, -0.0953314601701683;
 -0.9907306010799134, 0.1293159312633279, -0.04159646626014775;
 0.05340765484389268, 0.08925231485840365, -0.9945761140790037]
t17:
[-62.32792427971894;
 -29.5480774187825;
 206.1985459057441]
R18:
[-0.3203843772360755, -0.9411342776762031, -0.1077966706626121;
 -0.928103287248105, 0.2890713778441965, 0.2346529921192553;
 -0.1896790421272568, 0.1752255971430809, -0.966083770220542]
t18:
[-110.9028339692045;
 -48.52193192301237;
 274.3903951505525]
R19:
[-0.08979817055546846, -0.9910224807502519, -0.09904913534457405;
 -0.9955911773639703, 0.08661369467633362, 0.03600382548477718;
 -0.02710158888173322, 0.1018455229361191, -0.9944309897312906]
t19:
[-52.88235689901313;
 2.554067920498574;
 160.6744356532422]
R20:
[0.001593117571912273, -0.9996407408451958, -0.02675539607013837;
 -0.9395956512363052, -0.01065428589190054, 0.342120590391688;
 -0.3422827400764251, 0.02459421547034096, -0.9392750664268548]
t20:
[-14.24654125829553;
 -33.51974835341773;
 221.6452743176836]
R21:
[0.1708267379827233, -0.9852465061979101, 0.01037051662134964;
 -0.9804412306020289, -0.1710188329868512, -0.09740406613378436;
 0.09774056949783516, 0.006471536805672994, -0.9951908863557843]
t21:
[33.06301278185165;
 -6.657432182397086;
 171.2764474253132]
R22:
[0.321966976660142, -0.9461120395641687, 0.03477462482984531;
 -0.9370036399346606, -0.313180068453951, 0.1547333948195265;
 -0.1355044083767186, -0.08240299336133029, -0.9873440646479665]
t22:
[87.0984625164327;
 -10.22354640874479;
 248.0420040750358]
R23:
[0.2153601384496061, -0.9763757764169165, 0.01761686672566072;
 -0.9687579969142952, -0.2158825193535989, -0.1220765385000133;
 0.1229957486320923, 0.009223939711754338, -0.9923643306541328]
t23:
[48.79063843300855;
 -19.37324952263826;
 178.6201832741318]
R24:
[-0.05309130078062552, -0.9977039870158191, -0.04204840156485115;
 -0.960867563686346, 0.03957631573832499, 0.2741664463205626;
 -0.2718728357833615, 0.05495879843408393, -0.9607625573666962]
t24:
[-30.57884832110376;
 -44.99582512513076;
 245.7623164905383]
R25:
[-0.1608872427735346, -0.9778131994765159, -0.1341515636965493;
 -0.9852569783488582, 0.1511057958043656, 0.08022297108189889;
 -0.05817200123433643, 0.1450806169129042, -0.9877082731599265]
t25:
[-74.27468229179176;
 4.002057392277566;
 159.1694264031664]
R26:
[0.1220407750354193, -0.9925218773152117, -0.002524337426322198;
 -0.9571561687631477, -0.1183643462634076, 0.264276276143525;
 -0.2625987772770597, -0.0298362964243863, -0.9644437140591819]
t26:
[22.50237515471406;
 -34.04882896508402;
 230.9783332721362]
R27:
[0.1220441924143143, -0.9924922712212338, -0.008019143598577971;
 -0.9891456156838858, -0.1209585936203021, -0.08342643227865544;
 0.08183010492040395, 0.01811381228552889, -0.9964816725525867]
t27:
[16.66171632369928;
 -17.09259787251334;
 169.2120009335945]
R28:
[0.2719968093686835, -0.9620260099283127, 0.02288431590994877;
 -0.8962259685616019, -0.2445897596954785, 0.3700741313952208;
 -0.3504236706746205, -0.1211685011606506, -0.9287203267708783]
t28:
[71.29361878770898;
 -21.41324686397789;
 229.0711615941302]
R29:
[0.0129415559985091, -0.9987788864011367, -0.04767863470824978;
 -0.9917833931278155, -0.006752512448035652, -0.1277501651330287;
 0.1272722170947549, 0.0489401640265375, -0.9906597009573173]
t29:
[-19.38183825727509;
 -32.47214393840817;
 194.0177828554828]
R30:
[0.06200848735926512, -0.9980338388581114, -0.009132578472543132;
 -0.9110453244154186, -0.06033605573321243, 0.4078675976825855;
 -0.4076166880246938, -0.01697105985788709, -0.9129954100492945]
t30:
[4.345350769018514;
 -24.46629269996478;
 206.9919095273216]
R31:
[-0.1177737712891695, -0.9885693198956949, -0.09412777781978274;
 -0.988315728397074, 0.107450322702303, 0.1081038813092866;
 -0.09675412032201997, 0.1057597650911479, -0.9896734371946023]
t31:
[-56.96467694801439;
 -16.43546847435432;
 192.4352948490823]
R32:
[-0.2653839378555016, -0.9592459330752965, -0.09704949977619924;
 -0.9079723790171415, 0.2147978388368113, 0.3597888927871278;
 -0.3242800093595951, 0.1836004583587381, -0.9279727082302589]
t32:
[-93.57076509847896;
 -11.08036899199753;
 217.5290860708802]
R33:
[-0.05255011239660545, -0.9951769825989708, -0.08283271691977828;
 -0.9973951349114204, 0.05640904457111684, -0.04495513925685977;
 0.04941083425863273, 0.08025455124652872, -0.9955489824524382]
t33:
[-42.76808199065835;
 -1.174399272242793;
 162.4318027003781]
R34:
[0.2213077193544912, -0.9750398596644119, 0.01789316684429511;
 -0.9238531776515588, -0.2037437097272514, 0.3240120474452993;
 -0.312279041079018, -0.08823702631084997, -0.9458837284204584]
t34:
[54.06463466483671;
 -21.8134982977592;
 221.3749694670321]
R35:
[0.2392089366510215, -0.9707372859264224, 0.02117088421609236;
 -0.9690932846503463, -0.2400446022987341, -0.05689283393227732;
 0.06030995168204598, -0.006907287415921902, -0.9981557990156964]
t35:
[57.57187763622233;
 -22.60246735237886;
 199.999969993712]
R36:
[-0.02795618743242034, -0.9991639949051558, -0.02982889319792609;
 -0.9477939851598929, 0.01701253921452273, 0.3184291682685543;
 -0.3176554946462792, 0.03717371106903654, -0.9474772302944192]
t36:
[-21.55111870267842;
 -58.19543660071941;
 258.1407547213573]
R37:
[-0.184337147877893, -0.9736849570182758, -0.1340052998525136;
 -0.9828149029979197, 0.1812570288109615, 0.03493931813604629;
 -0.009730485981355499, 0.1381430200297524, -0.990364490306284]
t37:
[-82.6836022607622;
 4.17385298679777;
 174.4395586418916]
R38:
[0.1658831233314116, -0.9861286200661225, 0.005756221008664888;
 -0.9247077100556064, -0.1535177242473964, 0.3483503398959395;
 -0.3426345580316323, -0.06310826434299371, -0.9373467376665277]
t38:
[38.97170066356511;
 -43.98084321421865;
 262.5517092189912]
R39:
[-0.02334729303746053, -0.9973326122933162, -0.06915608696284753;
 -0.9985610885747889, 0.02660465327341177, -0.04656119423440711;
 0.0482768711926902, 0.06796949963322897, -0.9965186856388861]
t39:
[-33.07673866930313;
 -1.126736819169903;
 157.475932422397]
R40:
[-0.2910231930794793, -0.9520474149443866, -0.09439926264296114;
 -0.9250590699584037, 0.2548481596034199, 0.2816347504027916;
 -0.2440721577270068, 0.1692871384496193, -0.954866821382973]
t40:
[-100.7560344548123;
 -44.49307819285732;
 265.6642211157929]
