R1:
[0.999194102881492, -0.0001938301865780589, -0.04013859983493621;
 -0.005237092430068718, -0.9920697569541239, -0.1255793382681434;
 -0.03979594991615713, 0.1256883437986381, -0.9912712659022387]
t1:
[-5.79060573107501;
 -22.76115253096101;
 166.7339450942276]
R2:
[0.9923806514784049, 0.1223142165717131, 0.01482818248284777;
 0.1106099586318724, -0.9374391125726831, 0.3301111135214873;
 0.05427780045978316, -0.3259557372457016, -0.9438256076913041]
t2:
[36.31250120819807;
 -50.12671531588722;
 252.0433946847012]
R3:
[0.9630692527613097, 0.2656559932083706, 0.04386921082315704;
 0.2667865288988737, -0.9634996352583507, -0.02221262828023025;
 0.03636705079963059, 0.03309601380074904, -0.9987903140732983]
t3:
[82.11623451104496;
 -6.724547912073211;
 195.9982097043558]
R4:
[0.8892475542161845, 0.4547621202632169, 0.04929707186271211;
 0.4460097615252951, -0.8859310298391658, 0.1272851247878722;
 0.1015582588698888, -0.0912010106403336, -0.9906403462980387]
t4:
[145.3499750045751;
 -94.45447606152486;
 346.3563833609742]
R5:
[0.9408057310809007, 0.3366681672927586, 0.03923163898012626;
 0.3387429166129677, -0.9299129344956383, -0.1432311792252319;
 -0.01173937007985679, 0.1480421540962088, -0.9889113750992464]
t5:
[108.5337257513475;
 18.40920380043847;
 233.2471878424803]
R6:
[0.9967405459297179, 0.08065339287135675, 0.001820526865059208;
 0.07690426753388774, -0.9567412397482018, 0.2805921128616233;
 0.02437247904510423, -0.2795375294721843, -0.9598253757229924]
t6:
[26.74118453911914;
 -74.11620085523408;
 296.4034154201314]
R7:
[0.9881305029504317, -0.126333454561054, -0.0873954655436824;
 -0.1197198990966003, -0.9898022530449984, 0.07719226403821457;
 -0.09625619408238999, -0.06581305437157342, -0.9931784265553989]
t7:
[-44.6090683824889;
 -19.9160031773166;
 194.857772999817]
R8:
[0.9930064935384653, -0.1108317672584953, -0.04067460088065579;
 -0.09326196237830787, -0.9476564763569992, 0.3053676623219675;
 -0.07238998662652865, -0.2994386785052907, -0.9513654227746646]
t8:
[-32.76694436748902;
 -67.89144153411614;
 281.6342676367831]
R9:
[0.9769424502021951, -0.1886421740939053, -0.09998789499762629;
 -0.1866224499914557, -0.9819956572322355, 0.02926756457611555;
 -0.103708775675534, -0.009932740314495859, -0.9945581081654944]
t9:
[-66.85924050039692;
 -44.54793000496764;
 236.045390263433]
R10:
[0.6334158231440457, -0.7651493003516964, -0.1154597036288446;
 -0.6427131600539958, -0.6033079524802472, 0.472164492912691;
 -0.4309340887933534, -0.2248689899594906, -0.8739163280717674]
t10:
[-234.7924020247811;
 -46.77445218114752;
 335.5486605306938]
R11:
[0.7748622805533636, -0.6028255119369247, -0.1902362960468511;
 -0.5572774755778879, -0.7934930659916684, 0.2445619950782996;
 -0.2983793916965062, -0.08348746241877478, -0.9507889262237419]
t11:
[-185.3142607802428;
 19.88745137359606;
 257.6104963358251]
R12:
[0.9083630922027709, -0.4040877969032339, -0.1076547496291324;
 -0.3695805480422323, -0.8961893719410632, 0.2454685888839684;
 -0.1956699037476729, -0.1831875050700082, -0.9634083385323187]
t12:
[-122.7808554810041;
 -76.7386103611054;
 321.1451866018352]
R13:
[0.9364047884355791, -0.3122611628205813, -0.1601219484919444;
 -0.3116082801856028, -0.9497423604580526, 0.02982831660246376;
 -0.1613888221491478, 0.02196394649202294, -0.9866464580283081]
t13:
[-106.4561266924028;
 -3.946376911961524;
 197.2569521996094]
R14:
[0.9913325420624978, -0.1221935899313541, -0.04825471611764169;
 -0.105753365935263, -0.9601377423052015, 0.2587503456894939;
 -0.07794880782454906, -0.2514045393002248, -0.9647381722405168]
t14:
[-37.74871889709885;
 -74.16993500407743;
 297.6708703761593]
R15:
[0.9978305424966591, -0.02068377267029648, -0.06250112006153569;
 -0.01975567907554163, -0.9996857497995419, 0.01543096860186587;
 -0.06280064971867097, -0.01416273970145114, -0.9979255960236022]
t15:
[-13.07804011133116;
 -26.6043548539399;
 171.0505733938375]
R16:
[0.9934680019149126, 0.1135213892837008, -0.01158547997666767;
 0.1133025697913687, -0.9692679389492833, 0.2183625201440977;
 0.01355938235552519, -0.2182488412342844, -0.9757989477602595]
t16:
[40.00113893550166;
 -96.52519728184775;
 326.5919532367286]
R17:
[0.9542058256229758, 0.2947078971040517, 0.05136630930563969;
 0.2945147318756529, -0.9555781976686464, 0.01146214851385557;
 0.0524625109519861, 0.004190885926515611, -0.9986141003509634]
t17:
[90.9351794004006;
 -17.22234540297859;
 202.2114752115486]
R18:
[0.8523532643758318, 0.5184683164516181, 0.06844353544118137;
 0.4877306958945608, -0.8353138491068317, 0.2537115325966425;
 0.1887132242055941, -0.1828698398483321, -0.9648553988467781]
t18:
[162.6056014577575;
 -44.61992514102558;
 291.8688756686029]
R19:
[0.7276027265741021, 0.6816725247297797, 0.0769210069516803;
 0.6804607391272535, -0.7313964509297333, 0.04508230333270914;
 0.08699111901984188, 0.01953971841963309, -0.9960174419234622]
t19:
[220.1932442743584;
 47.13404292832052;
 358.6925102168647]
R20:
[0.9661401228205547, 0.2552092017838356, 0.03796743869608439;
 0.2532052093292514, -0.9660865650712958, 0.05063467939342425;
 0.0496022685450314, -0.03930664210540475, -0.9979952919936967]
t20:
[77.52662880660338;
 -31.47734884284417;
 225.8281939834009]
R21:
[0.9984053187302986, 0.05608073714847979, 0.006463006416062355;
 0.04960409697182064, -0.9261805554606157, 0.3738034406613655;
 0.02694908337330156, -0.372886751719001, -0.9274854270002253]
t21:
[17.3837118879178;
 -51.42539498676729;
 247.8316649968031]
R22:
[0.9953498174888741, -0.07135922181181986, -0.06470395882228884;
 -0.07655129921443657, -0.9937149183126244, -0.08167349454698625;
 -0.05846913214206929, 0.08624687000318493, -0.9945566037190681]
t22:
[-30.53802203323048;
 -26.9654185413024;
 203.2696857123535]
R23:
[0.9787233567139442, -0.1988583703488976, -0.05055630094034154;
 -0.1704726024859624, -0.9252061109090486, 0.3390173212952636;
 -0.1141914306077856, -0.3231857064889066, -0.9394207344406516]
t23:
[-57.60030997234887;
 -56.23304845176908;
 274.647248945241]
R24:
[0.9426257936725176, -0.3098168380901589, -0.1243790172781265;
 -0.2891529855560726, -0.9438680570744786, 0.1596985966702838;
 -0.1668746956469612, -0.1145714522482129, -0.9792988401312792]
t24:
[-101.1102278574959;
 -25.05567843156118;
 229.6212288594128]
R25:
[0.5522377922113273, -0.8222192582608057, -0.1378002619685803;
 -0.6853089344398462, -0.5418330310378952, 0.4865887697565677;
 -0.4747473909675348, -0.1742769572299734, -0.8626948805621724]
t25:
[-254.6475806246207;
 24.81544055404548;
 339.0849888437081]
R26:
[0.6373835719649978, -0.7489061414221557, -0.1813333216188321;
 -0.6998572778409143, -0.6611154428620811, 0.2704184939355675;
 -0.3224003300901627, -0.04545286074004028, -0.9455115359467074]
t26:
[-231.691021889089;
 30.90310197775883;
 313.4182044358563]
R27:
[0.789827083124519, -0.5802445586175581, -0.198719478053183;
 -0.5564935840475443, -0.8141925915704868, 0.1655455065704089;
 -0.2578528062227224, -0.02016621001700385, -0.9659737337508807]
t27:
[-178.2112655808517;
 33.75382117905104;
 257.764237174198]
R28:
[0.8210581145092632, -0.548459623463933, -0.1582896523096016;
 -0.4985586818325834, -0.8240241113392055, 0.2691161546637246;
 -0.2780338349335392, -0.1420433221289681, -0.9500109900789127]
t28:
[-167.2326679056765;
 -37.75729760591926;
 273.168342630647]
R29:
[0.8984496449529966, -0.41222026343232, -0.1512041332094567;
 -0.4154601543535523, -0.9095448991292274, 0.01099711837376314;
 -0.1420601831209466, 0.0529389354236824, -0.988441385964717]
t29:
[-133.4270387149312;
 25.31520760018989;
 258.0164012725242]
R30:
[0.9482936856900145, -0.3004761548696196, -0.1022407259129955;
 -0.2822257032935956, -0.9456537858324259, 0.1615164689473987;
 -0.1452161770633123, -0.1243100868617226, -0.9815596080847806]
t30:
[-96.2866360968021;
 -65.69471785533671;
 292.9856818395903]
R31:
[0.9854396589737479, -0.1365355417044161, -0.101324845784167;
 -0.1340964736961343, -0.9904976678799824, 0.03053695575164645;
 -0.1045314032430712, -0.01650502274453748, -0.994384618726696]
t31:
[-48.78928469664429;
 -21.94783156815352;
 196.4390350324845]
R32:
[0.9968557457666186, 0.07910925685907959, -0.004510832659592369;
 0.07860361643829471, -0.9800864400429288, 0.1823514231553998;
 0.01000467965004997, -0.1821326316813722, -0.9832230727876137]
t32:
[22.78129986238537;
 -63.96926626686761;
 264.4186684963922]
R33:
[0.9651275253496265, 0.2599826247920031, 0.03062506520428013;
 0.2602954296336433, -0.9655061643996914, -0.006643479362014584;
 0.0278415000375869, 0.01438336930127889, -0.9995088641744005]
t33:
[79.89736421532578;
 -31.98904192653032;
 218.0022421540996]
R34:
[0.8694552167447402, 0.4899354532463752, 0.06333149080533002;
 0.4851479765333214, -0.8709853446730982, 0.07756268581159306;
 0.09316150997585057, -0.03671213718857833, -0.9949739454086555]
t34:
[155.8234095187605;
 -51.39789075222886;
 286.8347991402285]
R35:
[0.7955119289758138, 0.6026245694223955, 0.0632803222625488;
 0.6054062341933921, -0.7860937565037696, -0.1246591255607385;
 -0.02537838562547631, 0.1374781230387752, -0.9901796317985843]
t35:
[193.2651326273904;
 15.302995013604;
 331.9745159853728]
R36:
[0.9604852412669138, 0.2756379939866409, 0.0386237955081941;
 0.2775601381566777, -0.9588784600513114, -0.05926608267864427;
 0.020699541417246, 0.06764462373793213, -0.9974947287401921]
t36:
[89.9006867519381;
 -15.96918946314361;
 199.609304602195]
R37:
[0.9832461904737476, 0.1808089584402871, 0.02313113630156223;
 0.1734312303957707, -0.9670013719328201, 0.1866278516284549;
 0.05611182800686511, -0.1794894627207459, -0.9821583352647096]
t37:
[55.47226815792388;
 -65.23410084441642;
 291.7330632106302]
R38:
[0.9988878819349757, -0.01686753014209376, -0.04402823810196829;
 -0.01549352922485011, -0.9993879335538427, 0.03136413268588943;
 -0.04453032534820253, -0.03064709927358413, -0.9985378337501778]
t38:
[-9.212587099245619;
 -23.23455864489164;
 207.3595570328583]
R39:
[0.9913751461057836, -0.1253358651803894, -0.03829152103559569;
 -0.102478462588412, -0.9235074130185699, 0.3696379618021722;
 -0.0816913972781201, -0.3625258321819729, -0.9283865232819337]
t39:
[-36.21935438896453;
 -30.78902364656452;
 240.3400533154869]
R40:
[0.9353845615922023, -0.3196086137000221, -0.1513474677149029;
 -0.3065328093813546, -0.9461996828566785, 0.1036522886129159;
 -0.1763330902234112, -0.05056178607081773, -0.9830311017875228]
t40:
[-104.9005656578436;
 -14.45229656716527;
 205.8553598837057]
