R1:
[-0.999749348529815, 0.008872260883806878, -0.02055536672064459;
 0.01119856162959105, 0.9931889165022396, -0.1159757231257279;
 0.01938639552982358, -0.1161768441812607, -0.9930393288004482]
t1:
[19.78055112787541;
 69.80062688243139;
 472.6619111196715]
R2:
[-0.9995565479048629, -0.01905646850146021, -0.02288140180947746;
 -0.01788053624891452, 0.9985618966458989, -0.05054131963449784;
 0.02381163505442575, -0.05010977524593458, -0.9984598221565237]
t2:
[7.881316203406515;
 79.4130616188562;
 410.9648460641533]
R3:
[-0.999181784017414, -0.03574106504330742, -0.01892983775279787;
 -0.03339450838759025, 0.993103625311881, -0.112383255878935;
 0.02281598775701696, -0.1116591494771883, -0.993484607349657]
t3:
[2.64551113774358;
 87.58785695804539;
 374.1930746338507]
R4:
[-0.9990413948688104, -0.01335884181965282, -0.04168732042022438;
 -0.02805016936100973, 0.9264638585338754, 0.3753370576286628;
 0.03360772734654387, 0.3761465939972885, -0.9259504633007312]
t4:
[9.417804981624595;
 -106.2263203542918;
 427.9490240482498]
R5:
[-0.9992780569960256, 0.03240904855523638, -0.01982469111972777;
 0.03452341042350571, 0.9924430087864268, -0.1177497704612396;
 0.01585871807487794, -0.1183491777862811, -0.9928453923840979]
t5:
[25.13996817515116;
 81.86639708078327;
 441.3918965523369]
R6:
[-0.9849144576269777, -0.1713314620578745, -0.02427017236171763;
 -0.1679463905204482, 0.9802487513797284, -0.1044336886719823;
 0.04168358272161212, -0.0987821619908905, -0.9942356679398985]
t6:
[-35.6485072768734;
 77.68893569495835;
 429.6487712223992]
R7:
[-0.9956722987693487, 0.09101100125311361, -0.01880614565151454;
 0.09225300372183128, 0.9923784589677518, -0.08169686334915235;
 0.01122750050812793, -0.08307822715787838, -0.9964797797269362]
t7:
[38.31535899964613;
 110.5440849560457;
 363.1566000612048]
R8:
[-0.9992039097594141, 0.02332082265297708, -0.03236797726595084;
 0.02101138739353114, 0.9973297358188687, 0.0699422594092038;
 0.03391265724327246, 0.0692064829496037, -0.9970257741886348]
t8:
[20.96362843055639;
 28.90024078133988;
 441.7377617033436]
R9:
[-0.9933543707178683, -0.1132557565614489, -0.0204994580758205;
 -0.1148577277190908, 0.9869030116048692, 0.1132702435260328;
 0.0074024697848546, 0.1148720126529235, -0.9933527189020783]
t9:
[-20.84829961628329;
 31.69894624098915;
 402.7596305758755]
R10:
[-0.9885130527415307, 0.1496206298977073, -0.02134506192618594;
 0.150882036497274, 0.9851397546221397, -0.08206262806823661;
 0.008749606965726358, -0.08434056540030876, -0.9963985715595449]
t10:
[60.96404420667519;
 23.64128628919686;
 449.3681809861747]
R11:
[-0.9996359299038109, 0.001859555197288071, -0.02691746087229351;
 0.004056902861796661, 0.9966396810976489, -0.0818100702893395;
 0.026674879278324, -0.08188948721322513, -0.9962843784278874]
t11:
[16.60125242133661;
 36.36617543088713;
 418.8491622823211]
R12:
[-0.9973664943573122, 0.06937699232214922, -0.02114021924527986;
 0.07137507597670201, 0.9906421641520267, -0.1163344365762312;
 0.01287145923064162, -0.1175369539358647, -0.9929850905208761]
t12:
[36.44856427965443;
 95.5602210253535;
 467.4040456819265]
R13:
[-0.9846475548138844, -0.1729435160379666, -0.02365867831185399;
 -0.1691992767482665, 0.9789474961177873, -0.1141639373557968;
 0.04290451662589531, -0.1084082105061252, -0.9931801761754799]
t13:
[-37.13107054370702;
 85.98148815027857;
 415.156933790454]
R14:
[-0.9915560167400443, 0.1285706432209074, -0.01691908296508776;
 0.1296707240677131, 0.9844989169433157, -0.1180990510427306;
 0.001472747898460349, -0.1192957343713538, -0.9928576729695084]
t14:
[54.43977889201836;
 73.52949887786413;
 467.8661632936333]
R15:
[-0.9995249216418116, 0.004391037772556739, -0.03050655346332264;
 0.007929998288021621, 0.9931150823473602, -0.1168740704405723;
 0.0297833198969248, -0.1170604630158102, -0.9926780957865655]
t15:
[17.40293782851447;
 85.50495817352622;
 459.7404474800609]
R16:
[-0.9993546255487551, 0.004281543740238348, -0.03566511990037306;
 0.007966809115671752, 0.9945622837395965, -0.1038383056255865;
 0.03502659485051337, -0.104055428238409, -0.9939545288931981]
t16:
[18.8660274138798;
 64.29243461711764;
 483.9622244915262]
R17:
[-0.9995773460698232, 0.01927817574031138, -0.02175962233437076;
 0.02142717695709759, 0.994420686996797, -0.1032878180642211;
 0.01964701788206045, -0.103710410340255, -0.9944134680681862]
t17:
[20.91443472631619;
 70.56900019237864;
 423.3699054313682]
R18:
[-0.999525109121052, 0.02095937326200617, -0.02258895546531994;
 0.02330318936011, 0.9937622903279731, -0.1090571945712343;
 0.02016228167140719, -0.1095317990109042, -0.9937787819244477]
t18:
[23.40246753842625;
 77.71857814815608;
 484.8906812159017]
R19:
[-0.9722313018649009, 0.2314358635517451, -0.03469490936920974;
 0.2289630437975735, 0.9713620469766403, 0.06349565550730017;
 0.04839649004866072, 0.0537886117631725, -0.9973788472769816]
t19:
[79.79895565752824;
 48.24335160808685;
 389.7722134963282]
R20:
[-0.9983310176956142, 0.05476310523929338, -0.01833525051338963;
 0.05655208220389421, 0.9913829324225409, -0.1181598210039588;
 0.01170645570797024, -0.118999510947876, -0.9928252994806905]
t20:
[32.30039904874069;
 79.42994322074752;
 458.5511349713785]
