R1:
[-0.1663721981759974, -0.821649682444394, -0.5451716161110312;
 -0.9857394971400444, 0.1244246880099259, 0.1132966936486901;
 -0.02525738411196387, 0.5562466146887183, -0.8306333536495882]
t1:
[49.67317593222277;
 -44.54211112029113;
 584.914280431997]
R2:
[-0.1566638974549437, -0.8408801741227263, -0.5180511133098361;
 -0.9821207713155939, 0.07720076996842951, 0.1716940059138482;
 -0.1043801407581436, 0.535687011120874, -0.8379404587031796]
t2:
[54.05675542359529;
 -77.3571212312758;
 521.2500835312419]
R3:
[-0.1572066280519644, -0.9035219590721447, -0.398665455703105;
 -0.9807061222139236, 0.1903263019769801, -0.04462511207712355;
 0.1161962905976762, 0.3839582897271533, -0.9160100729801715]
t3:
[60.3382244094096;
 -59.5619863138357;
 488.915232101572]
