Rcamera2end:
[0.04981894561782396, -0.1957598703411149, 0.9793855960864229;
 -0.9942011865146739, 0.08384746816892941, 0.06733203408835098;
 -0.09529991285590336, -0.977060732629088, -0.1904475029081951]
tcamera2end:
[1.887243879353053;
 -48.88936413815703;
 -31.95990161597666]
err0:
[0.9866007279135428, 0.1589530272908903, 0.03678231634262423, 64.54764075655936;
 -0.1626905571709787, 0.975442894711166, 0.1484686558331348, 162.784667717835;
 -0.01227950682494514, -0.1524634194571368, 0.9882328265340984, 15.71947817200046;
 0, 0, 0, 1]
err1:
[0.9872912244094278, 0.1567697681462507, 0.0260629622165965, 50.62707324868746;
 -0.1588757023272371, 0.9697069968632819, 0.1855447424327132, 150.3945884279535;
 0.003814369431515253, -0.1873274673660152, 0.9822901152694522, 14.78065386204614;
 0, 0, 0, 1]
err2:
[0.9821187244515738, 0.1649085463054769, 0.09081840362519143, 60.9139141956066;
 -0.1738504071275244, 0.9795396240305845, 0.1013812650129002, 171.1101232798793;
 -0.0722415879061902, -0.1153572551226677, 0.9906936240167072, 18.23963885958023;
 0, 0, 0, 1]
err3:
[0.9812193500947611, 0.1916943299408385, 0.02149118117153314, 60.73376288787009;
 -0.1921733666503988, 0.961831029953516, 0.1948087959225928, 148.5115327172957;
 0.01667285667982961, -0.1952801927669366, 0.9806057628644869, 9.945095700421433;
 0, 0, 0, 1]
err4:
[0.9812579808654338, 0.1714962836230806, 0.08787377135052259, 61.6210716174466;
 -0.1816673316530221, 0.975375717024202, 0.1250567521151708, 165.8055257367946;
 -0.0642631745089121, -0.1386767296376586, 0.9882504789065578, 16.10342735848761;
 0, 0, 0, 1]
err5:
[0.9898345073738234, 0.1387658547032137, 0.03117187162342076, 54.57217130577682;
 -0.1421852560774216, 0.9706159947770844, 0.1941338291928769, 145.6686771450772;
 -0.003316770450072874, -0.1965925437329139, 0.9804796636251073, 10.30880234978491;
 0, 0, 0, 1]
err6:
[0.9900090844781965, 0.1410015363102218, -0.0007611890699699879, 64.39324378200637;
 -0.1392654838283113, 0.9786363074145342, 0.1512484804026542, 162.8491627485636;
 0.02207119536204045, -0.1496313622480359, 0.9884954819153642, 18.50927669391899;
 0, 0, 0, 1]
err7:
[0.9945081496649411, 0.09009671437624235, 0.05325525615956713, 49.91416696585841;
 -0.1000070101829739, 0.9680982532486002, 0.22974849285963, 132.3712651122162;
 -0.0308567361248375, -0.2338126474671862, 0.9717919055642043, 9.566889566725138;
 0, 0, 0, 1]
err8:
[0.9886418002772144, 0.1448822842036781, 0.03995640710265529, 56.58026151352892;
 -0.1498951778148536, 0.9698350343496619, 0.1922275781875305, 142.656053173616;
 -0.01090075284014226, -0.1960334917097442, 0.9805366100842962, 11.47043035757827;
 0, 0, 0, 1]
err9:
[0.983674882263652, 0.1750840922247128, 0.04158469253749931, 70.73753555253612;
 -0.1792370236489918, 0.9738519298172781, 0.1395940834871341, 162.6952094298514;
 -0.01605662969121625, -0.1447687101586888, 0.9893352339838847, 18.36643080713782;
 0, 0, 0, 1]
err10:
[0.9833024101288385, 0.1696175543863279, 0.06592613653793583, 55.04723658863109;
 -0.1769686611242045, 0.9756985653046749, 0.1292068211910859, 161.9113735420472;
 -0.04240829181568059, -0.1387162387984905, 0.9894237423262471, 19.49301371088691;
 0, 0, 0, 1]
err11:
[0.9852805647630416, 0.157641406085243, 0.06611653187886903, 59.62812254758955;
 -0.164781097049338, 0.97876416436583, 0.1219340010352944, 170.435821226563;
 -0.04549064470238474, -0.1310339560599697, 0.9903336324713178, 18.09903167243175;
 0, 0, 0, 1]
err12:
[0.9930289284247555, 0.117449706647819, 0.009955587372070999, 56.52409251563387;
 -0.1173729924781131, 0.9775458382644008, 0.1750077561957827, 157.9062812592141;
 0.01082256662324206, -0.1749562816828561, 0.9845167197927083, 12.77416870564051;
 0, 0, 0, 1]
err13:
[0.9888069863172544, 0.1487088406285449, -0.0121006003612786, 70.42831663807587;
 -0.1448947710947432, 0.9764520351880225, 0.1598340648503047, 161.5957829788501;
 0.03558439432660389, -0.1562917262560099, 0.9870697276202557, 18.20692117406435;
 0, 0, 0, 1]
err14:
[0.9976928000415654, 0.06146119649817283, 0.0288374421583107, 52.55553561530616;
 -0.06636028455427563, 0.9725274507091, 0.2231292680289481, 145.7215594840337;
 -0.01433141232037235, -0.2245281250584691, 0.9743622179039125, 6.768150147228965;
 0, 0, 0, 1]
err15:
[0.9890547769704615, 0.1471854768228912, 0.01034811887874882, 62.68231922837524;
 -0.1468871239105564, 0.9755603989032491, 0.1634199526404858, 155.3803227855232;
 0.01395782867051374, -0.163151290231343, 0.9865023241303856, 12.02246494170228;
 0, 0, 0, 1]
err16:
[0.9853444172203117, 0.1698324904565366, 0.01591554705607788, 71.34096453596533;
 -0.1704222239859191, 0.9761892402962392, 0.1342044436728706, 167.0935815243259;
 0.007255689109725872, -0.1349499622644701, 0.9908258488051074, 18.37359025277709;
 0, 0, 0, 1]
err17:
[0.9887729454808962, 0.1472811403661098, 0.02522554216446186, 57.13650051231743;
 -0.1493929973648334, 0.9708320254410665, 0.1875284264220954, 144.5271113689822;
 0.003129636302134764, -0.1891915539088747, 0.9819352123771515, 11.65950306712881;
 0, 0, 0, 1]
err18:
[0.9823969681609244, 0.1685109274950326, 0.08062421635580384, 60.93339189046872;
 -0.1767937845060746, 0.9780898912931252, 0.1099278049913769, 170.3215079134993;
 -0.0603336946344516, -0.1222466026724931, 0.9906642283976898, 18.88074782992317;
 0, 0, 0, 1]
err19:
[0.9832338662184036, 0.1811479313680715, 0.02089476686347455, 62.69282095673148;
 -0.1820636445877232, 0.9688207748105032, 0.1680450404356274, 154.1588670948608;
 0.01019772722942154, -0.1690317522143248, 0.9855578486840382, 12.36085564801778;
 0, 0, 0, 1]
err20:
[0.9890779199668127, 0.1435862301675327, 0.03328457210780385, 59.52874728366707;
 -0.1471489424027312, 0.9749350164580305, 0.1668799042237779, 148.0695679936666;
 -0.008488638517509094, -0.1699550181379059, 0.9854152600938666, 14.89148078807841;
 0, 0, 0, 1]
err21:
[0.986256378056339, 0.1641375304248174, 0.01890047219604986, 74.69291815897003;
 -0.1652187353597558, 0.9790270456637475, 0.1192007271162279, 170.2829183386011;
 0.001061239517951702, -0.1206851895012665, 0.9926902632773874, 18.47340915288584;
 0, 0, 0, 1]
err22:
[0.9968388961967766, 0.0708052738151258, 0.03603925955340481, 50.04433486994108;
 -0.07713609857691198, 0.9711798698967045, 0.2255209138943733, 142.6919145389079;
 -0.0190325333449208, -0.2275879467533057, 0.9735715120971282, 6.697427803508276;
 0, 0, 0, 1]
err23:
[0.9966648911363772, 0.08116478709908648, -0.008448201659121024, 56.78340600356037;
 -0.0770287826491451, 0.969914426635872, 0.2309384585711045, 148.0647058710144;
 0.02693810349122544, -0.2295174989815961, 0.9729316811788629, 8.89084892235158;
 0, 0, 0, 1]
err24:
[0.9942651252204243, 0.1057685643743917, 0.01580732616840654, 60.19170994502392;
 -0.10677211651219, 0.9734112726446192, 0.2026578629707967, 142.7237833097006;
 0.006047801742906108, -0.2031834271749619, 0.9791220143656844, 12.80846592964343;
 0, 0, 0, 1]
err25:
[0.9885834256911749, 0.1459957397012749, 0.03725660260650083, 58.85904433183398;
 -0.1500420773676735, 0.9764965320383193, 0.1547316966116782, 147.4963855424004;
 -0.01379077473872268, -0.1585552487501216, 0.9872537908896032, 19.79119391255404;
 0, 0, 0, 1]
err26:
[0.9833699565112304, 0.1649135523235096, 0.07607265534435978, 61.09858385713804;
 -0.1716494624048086, 0.9807902688911212, 0.09266558425123265, 172.3388380509006;
 -0.059329509413452, -0.104182381948788, 0.9927870066656974, 21.31679626826701;
 0, 0, 0, 1]
err27:
[0.9828518206157187, 0.1817514100930641, 0.03112432555976121, 66.29279762631549;
 -0.1843912669425813, 0.9673740878587697, 0.1737447403944163, 149.9667486433683;
 0.00146948551434512, -0.1765043882417553, 0.9842987562441226, 11.61806675515669;
 0, 0, 0, 1]
err28:
[0.9827166221121255, 0.1682167018506982, 0.0772734226173984, 58.24340312574941;
 -0.1768886911313495, 0.9763777409675058, 0.1240842370852481, 165.8296468618842;
 -0.05457500869786234, -0.1356084369118064, 0.9892582677258579, 16.52124913702909;
 0, 0, 0, 1]
err29:
[0.9895165972059768, 0.1381211439858105, 0.04218356834071322, 60.85010032527156;
 -0.1428230931549472, 0.9792111551080794, 0.1440384593556685, 163.8895766738524;
 -0.0214118638973318, -0.1485532338791462, 0.9886725791628339, 16.86052337274151;
 0, 0, 0, 1]
err30:
[0.9874247084256351, 0.1580733032816932, 0.00229695018739121, 66.02604868412591;
 -0.1561296203148642, 0.9727963467071342, 0.1711455798248643, 150.6599044560351;
 0.02481908239411454, -0.1693519962175424, 0.9852430738281021, 9.783497433827591;
 0, 0, 0, 1]
err31:
[0.9987520674897016, 0.03673982528861924, 0.03383035504998933, 43.52802122467045;
 -0.04351055758591001, 0.9726276695735963, 0.2282591679613308, 144.4183277159501;
 -0.02451813744169364, -0.2294462935364126, 0.9730124661682364, 1.741556354621764;
 0, 0, 0, 1]
err32:
[0.9968500462940886, 0.07772053703027766, -0.01579567431922209, 53.5777635766126;
 -0.07260201835951935, 0.9744224756357623, 0.2126729552763994, 151.2376947359085;
 0.03192071637037059, -0.2108562474758541, 0.9769957578038938, 11.85854514099165;
 0, 0, 0, 1]
err33:
[0.9897694665349425, 0.1422571738733444, 0.01092243547494432, 60.9744685488705;
 -0.141596562576934, 0.9700010569487364, 0.1976065863900559, 136.5497289371203;
 0.01751618056345783, -0.1971315449132971, 0.9802205554968559, 9.021118510756025;
 0, 0, 0, 1]
err34:
[0.9823781715877099, 0.1766314101916467, 0.06111033400087302, 64.49615464735996;
 -0.1832452841873048, 0.9745882034245887, 0.1288371047825377, 166.6877166387815;
 -0.03680073112183881, -0.1377649399496946, 0.9897810502881711, 17.13943688256785;
 0, 0, 0, 1]
err35:
[0.9855875558733507, 0.1691168035780486, 0.004083681566707418, 58.32426390120025;
 -0.1673597098769052, 0.9712607384926022, 0.1692433318412399, 153.1455221838842;
 0.02465557173364056, -0.1674875655395038, 0.9855658365488011, 13.55074925754423;
 0, 0, 0, 1]
err36:
[0.9880051831502934, 0.1385550502376647, 0.06817812055046016, 50.08725565847511;
 -0.1442763044134124, 0.9856424634127507, 0.08771135788740021, 147.1305418396175;
 -0.05504639909170459, -0.09649576348877421, 0.9938100731909262, 32.39753736934716;
 0, 0, 0, 1]
err37:
[0.985261518372282, 0.16819487214639, 0.03114844134792296, 71.64104204842219;
 -0.1705759558054875, 0.9796922910058153, 0.105389080292135, 168.9722007676316;
 -0.01278998498004562, -0.1091489804232603, 0.9939431152519612, 22.77090367256793;
 0, 0, 0, 1]
err38:
[0.9966560219318082, 0.07571461342025224, 0.0307257426547305, 52.76833640449638;
 -0.08051950214977126, 0.9740327050980785, 0.2116055272739165, 144.2492019256698;
 -0.01390624753900138, -0.2133719445333452, 0.9768720640725899, 10.12119569182391;
 0, 0, 0, 1]
err39:
[0.9914962095766752, 0.1245549495109776, -0.03770054306510078, 62.10878236213674;
 -0.1181246027674333, 0.9829531605915274, 0.1408888295932745, 154.6626920402395;
 0.05460626901850882, -0.1352373788397442, 0.9893073368516143, 23.50927371992833;
 0, 0, 0, 1]
