Rcamera2end:
[0.03550199209038052, -0.273647536331188, 0.9611746118252841;
 -0.9923542901242592, 0.1041067132863669, 0.0662929492532006;
 -0.1182056319706967, -0.9561792813633755, -0.2678593109485405]
tcamera2end:
[-15.37102996070558;
 -67.96006721273983;
 -46.88114458642927]
err0:
[0.1807747305849627, -0.9833619323633938, 0.01788314179516271, 63.68789412271108;
 0.9646793605651641, 0.1808239631201962, 0.1915631114309117, 189.6947649815655;
 -0.1916095719986871, -0.01737827206708655, 0.9813173633328017, 47.30688344262603;
 0, 0, 0, 1]
err1:
[0.161909202622879, -0.9866233149069576, 0.01896957005389365, 61.52100238793085;
 0.9470442088834915, 0.1607584454943342, 0.2779640059836657, 158.9167676753127;
 -0.2772952876019815, -0.02703990910212697, 0.9604041684569488, 44.31074567128331;
 0, 0, 0, 1]
err2:
[0.1805303562444519, -0.9829491013092062, -0.03492641850627085, 66.11469427970954;
 0.9643199652208113, 0.1698946313644484, 0.2030340338713463, 179.4266636084622;
 -0.1936383101320194, -0.07033404914379691, 0.9785485815125652, 47.25990503989496;
 0, 0, 0, 1]
err3:
[0.1374781496632961, -0.9904741316654568, 0.007794412531779424, 61.58395782432987;
 0.9451891015486676, 0.1335373991416293, 0.2979686650373023, 166.0176292860621;
 -0.296171100343668, -0.03359698694895888, 0.9545438291609103, 38.75354935978527;
 0, 0, 0, 1]
err4:
[0.1932956998020607, -0.9811123246847553, -0.007441692664062596, 68.51919811426903;
 0.9610800072286035, 0.1878121886828713, 0.2026124415913698, 180.1061937527987;
 -0.1973879229930203, -0.04631617572537827, 0.9792307285429089, 51.40420162220119;
 0, 0, 0, 1]
err5:
[0.169663323539914, -0.9855020830140836, 3.194202185958267e-05, 59.26284051771486;
 0.959357530684314, 0.1651697124180573, 0.2288058006673617, 178.9721503442793;
 -0.2254938690179546, -0.03878930876721959, 0.9734720872016184, 49.19642405078812;
 0, 0, 0, 1]
err6:
[0.1859646659785388, -0.9816663753716934, 0.04181232440431802, 62.96500164843454;
 0.9650197335569699, 0.1904841737519339, 0.1801463110798513, 194.0744650004572;
 -0.1848081623011433, 0.006848869588821929, 0.9827507497490044, 49.06328284158414;
 0, 0, 0, 1]
err7:
[0.2006016937824377, -0.9794193948513701, 0.02228473559620782, 64.46167582463015;
 0.9549521821195942, 0.2005669720379377, 0.2187217858206141, 178.9914712639188;
 -0.2186899410504342, -0.02259510381717801, 0.9755327626311936, 51.00690893127623;
 0, 0, 0, 1]
err8:
[0.192338961188267, -0.9787591731319665, 0.07096622449480786, 61.66065633177835;
 0.9636331765752604, 0.2020474306877755, 0.1748940729582958, 188.3107586901893;
 -0.1855177215591311, 0.03474646402870107, 0.9820264040365774, 49.29110266951483;
 0, 0, 0, 1]
err9:
[0.1939048959820424, -0.9809662119805357, 0.01030447799512995, 64.27084413722149;
 0.955941438577454, 0.1912973214598066, 0.2226685896411341, 166.8885100857678;
 -0.2204015819468215, -0.03332605219437821, 0.9748397390958562, 53.55180547680524;
 0, 0, 0, 1]
err10:
[0.1866902422639453, -0.981950748285781, 0.0303229514464482, 66.39403872630304;
 0.9596333257851972, 0.1888824310537623, 0.2083921958271514, 179.2928397962811;
 -0.2103583454153186, -0.009805874780708315, 0.9775751691475771, 45.62716734929305;
 0, 0, 0, 1]
err11:
[0.1373110702265919, -0.9904517461733835, 0.01228855139238439, 55.02867606498928;
 0.95222049793032, 0.1354073532432887, 0.2737534876654191, 172.6515544673186;
 -0.2728035800985051, -0.0258879738439023, 0.9617213835075604, 44.06086861514706;
 0, 0, 0, 1]
err12:
[0.1671209923249366, -0.98549682610795, 0.02943772503922393, 56.57315763316271;
 0.9628795678713316, 0.1695593405440546, 0.2100299212259606, 185.8065311546787;
 -0.2119752620006551, -0.006755424888327871, 0.9772516833110759, 48.37856905483426;
 0, 0, 0, 1]
err13:
[0.2056872660474812, -0.978504737334049, 0.01487372181856505, 67.04301494953968;
 0.9506719582710983, 0.2033967014741813, 0.2342063397656391, 173.2133182046571;
 -0.2321972789308863, -0.03403323146934698, 0.9720731262682072, 49.26906629818831;
 0, 0, 0, 1]
err14:
[0.1556757760131653, -0.9870255156956185, 0.03931518953912144, 54.31118563421265;
 0.9645179691591662, 0.1604765423114788, 0.2096481970750763, 184.6806223142587;
 -0.2132372855102425, 0.005283061001957531, 0.9769861561632657, 47.1227267639936;
 0, 0, 0, 1]
err15:
[0.1505806279313158, -0.9885830025877121, 0.005396432754494618, 50.23894278273664;
 0.9615019324586679, 0.1477205338562674, 0.2317168050778085, 180.4380094886029;
 -0.2298684588412647, -0.02970338148902499, 0.9727683181303036, 47.84772354141015;
 0, 0, 0, 1]
err16:
[0.1753722897396004, -0.9843332345800778, 0.01823851124984114, 62.92816555607722;
 0.9624710408814937, 0.175315610083926, 0.2071567819922742, 176.4281790070353;
 -0.2071088010104437, -0.01877552028630886, 0.9781377328280483, 46.15312314846645;
 0, 0, 0, 1]
err17:
[0.1346071736968142, -0.9901365912592601, 0.03886437235885681, 55.25949598324959;
 0.945764240537078, 0.1400794688639307, 0.2931002281202167, 154.1156960262121;
 -0.2956533614060217, -0.002696859709229579, 0.9552914826570102, 42.54950133019571;
 0, 0, 0, 1]
err18:
[0.1849825144678741, -0.9827347105710202, -0.003736038013170505, 63.42326560148395;
 0.9652134082934767, 0.1809669978034817, 0.1887167776232029, 188.8975084814134;
 -0.1847824282545106, -0.03851537803122112, 0.9820244497279479, 47.8679303062402;
 0, 0, 0, 1]
err19:
[0.1635743226891887, -0.986475707002148, 0.01044607349126533, 56.73933352257895;
 0.957418579222668, 0.1612917283072372, 0.23944653377928, 177.8116758082552;
 -0.2378930539465597, -0.02916603974275685, 0.9708533550488985, 46.97284955339899;
 0, 0, 0, 1]
err20:
[0.1773767850411524, -0.9816385858641616, 0.07016525401559948, 59.47141298341469;
 0.9655721026099631, 0.1873718285083507, 0.1804503049119398, 189.0101599755726;
 -0.1902839740751691, 0.03574191690502896, 0.9810782459040228, 47.05109512405519;
 0, 0, 0, 1]
err21:
[0.1912749107190629, -0.9809475163794411, 0.03399821522404349, 59.30082111187107;
 0.9597388060721975, 0.1941741558987264, 0.202972464388966, 177.0964947733402;
 -0.2057069095789625, -0.006194133516718547, 0.9785940425229706, 55.47610347980441;
 0, 0, 0, 1]
err22:
[0.1887311642590698, -0.9792757443672233, 0.07348172651371222, 65.31312609342545;
 0.9620614024628711, 0.1993877832186778, 0.1862320321381759, 189.0285260057837;
 -0.1970238704537831, 0.03554614461740469, 0.9797540844896995, 44.86488441603552;
 0, 0, 0, 1]
err23:
[0.1894356865106999, -0.9815323595484977, 0.02661480481569682, 67.25101181024301;
 0.9480560764795831, 0.189894796398802, 0.2552050982069044, 166.8325387025237;
 -0.2555460751534998, -0.02311262555001602, 0.9665205688519131, 46.16826826946834;
 0, 0, 0, 1]
err24:
[0.1678100196354154, -0.9853945502872892, -0.02893747698180324, 60.28844710013006;
 0.9642710721755455, 0.1579674647851064, 0.2126677677382969, 187.6563205820544;
 -0.2049904794749879, -0.06359135423528227, 0.9766959828888095, 44.75265054106768;
 0, 0, 0, 1]
err25:
[0.1765036589930765, -0.984108893788403, 0.01939442003826502, 57.57090062782267;
 0.9582757735371661, 0.1763045667717616, 0.224998314631837, 177.4886971500534;
 -0.224842167339228, -0.02112782293532154, 0.9741661125722922, 50.44431227048403;
 0, 0, 0, 1]
err26:
[0.1615326805872732, -0.9852918053000613, 0.05574272608005289, 54.9859140332054;
 0.9675225098498735, 0.1692425076565213, 0.1877689179175658, 191.7865132259764;
 -0.1944412148596361, 0.02360152560065067, 0.9806301963294985, 47.65051973940709;
 0, 0, 0, 1]
err27:
[0.1806360504156801, -0.9835394142406968, -0.004564857641882253, 54.47369449542016;
 0.957669869294244, 0.1748234003518792, 0.2287033015401229, 182.7044528384202;
 -0.2241406672966097, -0.04568368772848248, 0.9734854708414282, 51.64240879192479;
 0, 0, 0, 1]
err28:
[0.16515163932248, -0.9852930492591556, 0.04384681414529944, 58.92052027979476;
 0.9639654615604615, 0.1706583477589474, 0.2040742934784106, 181.7504627506696;
 -0.2085558077532814, 0.00856361032399287, 0.9779729748978726, 44.35386945553023;
 0, 0, 0, 1]
err29:
[0.1575029925982285, -0.9875142489563662, 0.002900936184409332, 52.15013000751911;
 0.961849377181052, 0.1540736920703846, 0.2260687351851702, 184.1842079407393;
 -0.2236930551872917, -0.03281623866234476, 0.9741070328978388, 47.97957912395191;
 0, 0, 0, 1]
err30:
[0.1757691329598267, -0.9844272813109332, 0.002853017580666051, 63.40594386744068;
 0.9595589351988294, 0.1719748112235409, 0.22287062207639, 181.4982646087456;
 -0.2198905677345893, -0.03643613749277707, 0.9748438572950894, 47.57271880423326;
 0, 0, 0, 1]
err31:
[0.1255023437836102, -0.9920393861595999, 0.0103449510827393, 54.65765047665661;
 0.9487223576486224, 0.1230586856068299, 0.2911742570941976, 172.9795996756645;
 -0.2901293673561143, -0.02672856533379698, 0.9566140987842155, 40.85865361950303;
 0, 0, 0, 1]
err32:
[0.1907977640104095, -0.9815345756426089, 0.01364148330320219, 64.15338780488563;
 0.9664994981367454, 0.1902693396788665, 0.1722681005862319, 186.5854793716985;
 -0.1716826530260058, -0.01968388163578776, 0.9849556393329096, 49.20159401352785;
 0, 0, 0, 1]
err33:
[0.1999024590420142, -0.9797019479791199, 0.01493653222381675, 61.80697341507004;
 0.9551409936162326, 0.1982452154701109, 0.2200102653446084, 182.8319653775691;
 -0.2185055815826027, -0.02971409882743618, 0.9753831981063246, 51.75696900803214;
 0, 0, 0, 1]
err34:
[0.1868411984604256, -0.9803745021776856, 0.06289834686004858, 63.03273756574011;
 0.960315195528434, 0.1957646199208892, 0.1986729443694218, 184.9983881789989;
 -0.2070871598990565, 0.02328194723567856, 0.978045427952024, 45.48613539647505;
 0, 0, 0, 1]
err35:
[0.1695876937636364, -0.9853001430223935, 0.02058257233636537, 61.09319309330179;
 0.9525726896803761, 0.1692379305796986, 0.2529106437621697, 165.6585493752908;
 -0.2526762454189648, -0.02328413651291067, 0.9672706777256423, 45.81588861080198;
 0, 0, 0, 1]
err36:
[0.1685310690085303, -0.985400439602881, -0.0241506192320319, 59.21972344016162;
 0.9685714741022289, 0.1610061653222771, 0.1895951325420858, 184.2807342453875;
 -0.18293872836083, -0.05534427123618253, 0.9815652975258742, 48.92048927395953;
 0, 0, 0, 1]
err37:
[0.1919551763973181, -0.9813621278187149, 0.009032404851316298, 63.51176825174119;
 0.954001655614054, 0.1887473011365967, 0.2329276655944803, 167.3199801611258;
 -0.2302912315741046, -0.03609474195467181, 0.9724521161801785, 50.68306889090258;
 0, 0, 0, 1]
err38:
[0.1933832316673461, -0.9808603188384154, 0.02271476696106297, 65.09564273004798;
 0.9658839485927897, 0.1943931636672545, 0.1711125237095081, 188.0703785589007;
 -0.1722530799744794, -0.01115046400998359, 0.9849896159816445, 49.21902952234691;
 0, 0, 0, 1]
err39:
[0.136669357566655, -0.9899095554374506, 0.03742403981328537, 56.72537607398738;
 0.9452136622459958, 0.1416184537833975, 0.2941349116502694, 157.1247569716562;
 -0.2964668942830377, -0.004825515685211742, 0.9550309392854985, 42.32514814114131;
 0, 0, 0, 1]
