Rcamera2end:
[0.09374709750889365, -0.2286295806306266, 0.9689891622558645;
 -0.9767903175486035, 0.1671539022056308, 0.1339412129283933;
 -0.1925932430070087, -0.9590558314499186, -0.2076529674961305]
tcamera2end:
[11.29124065248928;
 -94.40617010719168;
 -31.92307304821636]
err0:
[0.9718391228765403, 0.2011282096897525, 0.1227850256079804, 88.94872784611553;
 -0.2184349293338131, 0.9643776443096381, 0.149204359194783, 196.6312120556618;
 -0.08840192810956925, -0.1718231719611437, 0.9811533502382401, 12.59050893175399;
 0, 0, 0, 1]
err1:
[0.9658658357873233, 0.2492435962654335, 0.07057490332639013, 80.6303656768534;
 -0.2585495124210447, 0.9443646504979519, 0.2032918014006516, 171.0898726682076;
 -0.01597926424137655, -0.2145997125127515, 0.9765713627297031, 4.19543859879289;
 0, 0, 0, 1]
err2:
[0.9635361210065679, 0.2210254395964958, 0.1508174345584504, 80.25180285057948;
 -0.244116629111548, 0.956915208200363, 0.1572270832460852, 191.7451777153537;
 -0.1095683115998034, -0.18831101764377, 0.9759783531037646, 4.008382708327161;
 0, 0, 0, 1]
err3:
[0.9647217597624369, 0.2485658512466585, 0.0867579612190796, 88.64900295589688;
 -0.2613130761631207, 0.9441798638516313, 0.2005987560362282, 164.0676919958839;
 -0.03205311945870993, -0.2161929746572244, 0.9758243670055724, -6.902743933010697;
 0, 0, 0, 1]
err4:
[0.9626855026031961, 0.2094994753288104, 0.1713084729795497, 76.75549583410657;
 -0.22998089231018, 0.9669754545590722, 0.1098510785221936, 191.258575746608;
 -0.1426373452145171, -0.1451497162147723, 0.9790741277517888, 5.47376557313973;
 0, 0, 0, 1]
err5:
[0.9703021807547964, 0.2301696668376146, 0.07440162962158907, 77.92012440468774;
 -0.2403142127847289, 0.9523447509174935, 0.187852480775617, 168.7848171845093;
 -0.02761805851508478, -0.2001534408091927, 0.9793752309386319, 6.739470542804042;
 0, 0, 0, 1]
err6:
[0.9698639043515462, 0.2350587512886234, 0.06412012537891996, 93.65517958328739;
 -0.2422413161280201, 0.9585081138927446, 0.1502708899366041, 192.327756399767;
 -0.02613717269598662, -0.1612748555863795, 0.9865633629722185, 15.4085779569821;
 0, 0, 0, 1]
err7:
[0.9693951966390278, 0.2349557248650618, 0.07119522516513473, 83.7123551260771;
 -0.2450757136491899, 0.9432664485553989, 0.2240229934828688, 162.3158262303349;
 -0.01452058237541025, -0.2346150344347493, 0.9719799063276262, 4.555970957728391;
 0, 0, 0, 1]
err8:
[0.9679805132357232, 0.2389420519501686, 0.07694427727745053, 94.10711475636788;
 -0.2487736654360913, 0.9540843240316407, 0.1668375438040843, 180.544861840185;
 -0.0335468237154855, -0.1806372011711073, 0.9829775237367699, 13.85580170343002;
 0, 0, 0, 1]
err9:
[0.9802883757259738, 0.08732031633978411, 0.1772282786996834, 45.73811948077622;
 -0.1351454794120717, 0.950701862235652, 0.2791087037986187, 138.3293052531266;
 -0.1441193942917257, -0.2975586185879747, 0.9437629303447995, -17.76085302336904;
 0, 0, 0, 1]
err10:
[0.9882282762205289, 0.1441104609685079, 0.05135220655090355, 74.35732991870859;
 -0.1522916978099879, 0.9586196925542563, 0.2405317522185679, 167.08474446503;
 -0.01456409476602918, -0.245520793593185, 0.9692819130970198, 8.522890553178854;
 0, 0, 0, 1]
err11:
[0.9792368429199817, 0.1858854345019078, 0.08088146084328932, 76.84523811665912;
 -0.1995312634720685, 0.9542805792094766, 0.2225665092525531, 159.8525117432663;
 -0.03581173502285906, -0.2340837059337191, 0.9715566572521592, 7.296427720042118;
 0, 0, 0, 1]
err12:
[0.973493383237252, 0.226503859914507, 0.03172749969850597, 95.82782383789583;
 -0.2286593901347863, 0.9607823170581415, 0.1568828305824964, 184.1227660718249;
 0.005051346006456938, -0.159979188247153, 0.9871074628586823, 16.86247504861601;
 0, 0, 0, 1]
err13:
[0.9702822049500276, 0.2308208409498205, 0.07262356463663086, 81.9286078602502;
 -0.2409832655970155, 0.9489138907773532, 0.2036896992780538, 166.9895448020468;
 -0.02189768160128968, -0.2151375543065492, 0.9763382222710967, 8.936151091043655;
 0, 0, 0, 1]
err14:
[0.9649803759522941, 0.2477245397725914, 0.08628688441140704, 99.04292117486942;
 -0.258596922071719, 0.9535782036459465, 0.1543251159934869, 197.2633669068707;
 -0.04405117390039674, -0.1712342311742244, 0.9842450569610038, 11.47803087732819;
 0, 0, 0, 1]
err15:
[0.9679064390468007, 0.2413012067019963, 0.07022003201297052, 86.05147991548222;
 -0.2506074200550584, 0.9476447188987702, 0.1979025208445298, 160.8906790004457;
 -0.01878952540884215, -0.2091487852879683, 0.9777032982185747, 3.815954201241084;
 0, 0, 0, 1]
err16:
[0.9624628184682216, 0.2297003597492011, 0.1445789327574905, 82.16340006777116;
 -0.2534868803558391, 0.9511270726463695, 0.1763567213536603, 188.4224324515383;
 -0.09700373474084294, -0.2063856497197316, 0.9736504706700927, 1.082058269491455;
 0, 0, 0, 1]
err17:
[0.9615216747929577, 0.2665461435608959, 0.06655240233199933, 82.28564149678803;
 -0.2746146489928278, 0.9394849386755767, 0.2048288176997927, 173.550940137934;
 -0.007928648175573242, -0.2152236124465975, 0.9765326073324667, -0.6020621371297921;
 0, 0, 0, 1]
err18:
[0.9694500091812921, 0.215421218862188, 0.1173046382813667, 67.08788372321723;
 -0.2334840609559785, 0.9570026776554247, 0.1721367718991304, 163.7435391792069;
 -0.0751789397231558, -0.1942667584129556, 0.9780636756356025, -3.755618104784446;
 0, 0, 0, 1]
err19:
[0.9636249925221611, 0.2310106119081707, 0.1343911119549124, 79.13296499950073;
 -0.2506138357764732, 0.9557417036718926, 0.1541119761074766, 192.6054254916978;
 -0.09284168839518252, -0.1821864238854286, 0.9788710476093218, 6.450143654823961;
 0, 0, 0, 1]
err20:
[0.9715089413186493, 0.2289460245706597, 0.06127066811459302, 76.54817300362407;
 -0.2367963891003376, 0.9484548144903127, 0.2106203574661955, 169.3848441727881;
 -0.009891766624787218, -0.2191282334694399, 0.9756459246312686, 3.313450626282673;
 0, 0, 0, 1]
err21:
[0.9654746484321336, 0.2367737911557185, 0.1086134202416829, 95.04582642111464;
 -0.2514789746309325, 0.9559276149315872, 0.1515279523051194, 185.6482868680938;
 -0.06794872002784812, -0.1736103880329632, 0.9824675081719607, 13.52071009485658;
 0, 0, 0, 1]
err22:
[0.9759630811801771, 0.2062092313414357, 0.07052529392260383, 77.32027438796774;
 -0.217168972418671, 0.9473235582721177, 0.2354054233896747, 162.311178273459;
 -0.01826750097615809, -0.2450629079486077, 0.9693350656794884, 4.854494090120625;
 0, 0, 0, 1]
err23:
[0.9746312028091118, 0.2176236358369828, 0.05228739461817276, 89.66076714709493;
 -0.2236439829216539, 0.9561118489343261, 0.1892973883346601, 181.5386757560076;
 -0.008797011640506013, -0.1961889024702377, 0.9805266580433802, 14.22070171702416;
 0, 0, 0, 1]
err24:
[0.9834749545690122, 0.08842264320159961, 0.1579824354310379, 42.73220763688641;
 -0.1274012679153418, 0.9580017383045074, 0.2569077389630484, 148.7569542087475;
 -0.1286309864264548, -0.2727894894873794, 0.9534358729123698, -9.135122777340712;
 0, 0, 0, 1]
err25:
[0.9862873833198407, 0.1309917746373179, 0.1003909980101231, 63.67999476519566;
 -0.1507090168184375, 0.962774963757703, 0.2243906446600984, 156.0835595460326;
 -0.06726061071475768, -0.2364434903707879, 0.9693144412973317, 11.33306547267048;
 0, 0, 0, 1]
err26:
[0.98670132061445, 0.1620384014031304, 0.01280860524876561, 80.92168227504405;
 -0.1617103904966041, 0.9706195774950612, 0.1781779598849006, 174.0052676801004;
 0.0164393887701624, -0.1778797128793147, 0.9839149120949618, 18.3550735679265;
 0, 0, 0, 1]
err27:
[0.9849843138126665, 0.1588514139907818, 0.06761752595385551, 82.10535060430931;
 -0.1706259438233226, 0.9554084156851221, 0.2410011338820747, 165.7465880442483;
 -0.02631898245357146, -0.2489196406697843, 0.9681664751743031, 3.960466741547265;
 0, 0, 0, 1]
err28:
[0.9793681267707369, 0.1995199019847511, 0.03209175871736754, 80.39664703190843;
 -0.2017937073921164, 0.9740631141317068, 0.1023735773771099, 179.3782876253391;
 -0.01083383231009315, -0.10673733367495, 0.9942282281636545, 29.41700249591221;
 0, 0, 0, 1]
err29:
[0.9706704030385873, 0.2268666824071703, 0.07956429524900632, 87.28040839742059;
 -0.2385233416742652, 0.9501935828958517, 0.2005960380966852, 166.4905872913889;
 -0.03009292510621943, -0.2136905787280041, 0.9764377872765079, 12.28051713952732;
 0, 0, 0, 1]
err30:
[0.9687716496174268, 0.2391512787602228, 0.06548401915643358, 95.90549187600779;
 -0.2469285892866777, 0.9545107043605231, 0.1671394239970614, 185.3960255344374;
 -0.02253359026922118, -0.1780898119728595, 0.9837561975312027, 12.90377980367418;
 0, 0, 0, 1]
err31:
[0.9677703941402722, 0.2347743704132384, 0.09111234396419686, 81.38389548055093;
 -0.2477546790234935, 0.9524535480115954, 0.1773410778756266, 179.0877630170644;
 -0.04514513536969698, -0.1941989543668836, 0.9799227943441567, 7.658643816811264;
 0, 0, 0, 1]
err32:
[0.9613549455106101, 0.238869544993408, 0.1368868482248551, 86.81590348926713;
 -0.2596310093694737, 0.9520006956694976, 0.1621308558497779, 189.1273244489597;
 -0.0915882509718387, -0.1914053706650769, 0.977228517985678, 4.53154987637086;
 0, 0, 0, 1]
err33:
[0.966218899949457, 0.2320392234205872, 0.1121554108138881, 78.17853798556752;
 -0.2496850641991398, 0.9506336868986482, 0.1842632954479934, 183.1536901657425;
 -0.0638623997069685, -0.2060422095781685, 0.9764569636065962, -4.278951324135051;
 0, 0, 0, 1]
err34:
[0.9672996469871964, 0.2095517727672027, 0.142896632110656, 73.19878144963982;
 -0.2330151161689198, 0.9567165893101758, 0.1743482818254589, 169.9251603467159;
 -0.100176586961377, -0.2019441067940025, 0.9742603497812802, -15.07435099215309;
 0, 0, 0, 1]
err35:
[0.9677844975487883, 0.2056711823676268, 0.1452326789938893, 82.53521727111909;
 -0.2295614446757193, 0.9577123150842443, 0.1734608447297971, 190.2918049937702;
 -0.1034152281950599, -0.2012125400651772, 0.9740733054025676, 0.05307557537199159;
 0, 0, 0, 1]
err36:
[0.9609753349890083, 0.2574603994513461, 0.101195594059807, 85.58064544455735;
 -0.2730688684082059, 0.9413836020710442, 0.1980664203190637, 164.7983653853159;
 -0.04426961315649602, -0.2179703109739935, 0.9749508422914844, 3.806435396444101;
 0, 0, 0, 1]
err37:
[0.9662638746381695, 0.2382009342241313, 0.09795120981378153, 91.18601824590891;
 -0.2503601662372591, 0.9579541830546123, 0.1401555219383875, 191.9487891755581;
 -0.06044759491397754, -0.1599502988522402, 0.9852725461344157, 15.57268050063416;
 0, 0, 0, 1]
err38:
[0.9711403294060897, 0.2307989480269821, 0.06015235814721, 82.48101774774388;
 -0.238428536066093, 0.9459750001761676, 0.2197342309042441, 169.3842507678085;
 -0.006188197670686548, -0.2277348120761041, 0.9737035285846767, 5.938828273236737;
 0, 0, 0, 1]
err39:
[0.9744390128938177, 0.2224867410463227, 0.03111687980998506, 97.22127432213703;
 -0.2245175230083486, 0.9596723287264294, 0.169177135981752, 186.9098209315029;
 0.007777661134181706, -0.1718390861689479, 0.985094328707613, 15.80677995603295;
 0, 0, 0, 1]
