Rcamera2end:
[0.4728756276452295, -0.4438118252590019, 0.7611962326098333;
 0.442007687321239, 0.8668099559293678, 0.2308023064240413;
 -0.7622452657301717, 0.2273138008612773, 0.6060615404477829]
tcamera2end:
[629.3085548416651;
 -539.0771588210362;
 -1264.323627655541]
err0:
[0.8796215472643536, 0.3295750252741112, 0.342995971264727, 477.0018816419225;
 -0.2533966731183321, 0.934904869621037, -0.2484814093879725, -688.0540149436927;
 -0.4025618705749783, 0.1316555637808027, 0.9058756829083853, -996.8279209706155;
 0, 0, 0, 1]
err1:
[0.8714767125997063, 0.3179262512967608, 0.37343170477719, 372.4429068296863;
 -0.1490971025184373, 0.8971331332067679, -0.4158391459725923, -630.8958153472004;
 -0.4672241361670176, 0.3067165467316642, 0.829232516574204, -968.0143794496715;
 0, 0, 0, 1]
err2:
[0.7774018064256046, 0.6082484663699651, 0.1602505367379209, 465.6266064516693;
 -0.07519999599006409, 0.3428159360341834, -0.9363878441138056, -570.4922339980884;
 -0.6244929078614911, 0.7158987618089531, 0.3122460101764424, -1025.890802067632;
 0, 0, 0, 1]
