Rcamera2end:
[0.01762304284718308, 0.05031655330790039, 0.998577825121317;
 0.9994569158454911, 0.02692675460875993, -0.01899534824262144;
 -0.02784424050724299, 0.9983702691634265, -0.04981469583488352]
tcamera2end:
[-4.76346677244081;
 -1.372151631737261;
 -60.00245432936754]
0.01762304284718308, 0.05031655330790039, 0.998577825121317,
                0.9994569158454911, 0.02692675460875993, -0.01899534824262144,
                -0.02784424050724299, 0.9983702691634265, -0.04981469583488352
Rcamera2end:
[0.50859313356919, -0.2921681398036425, 0.809920244573471;
 0.1911238986609916, 0.9555077866685189, 0.2246698132292162;
 -0.8395264616716348, 0.04052959041869384, 0.5418050133153052]
tcamera2end:
[203.832754477909;
 -1404.745423973323;
 -532.4397622548109]

