（现在使用）
Rcamera2end:
[0.04981894561782396, -0.1957598703411149, 0.9793855960864229;
 -0.9942011865146739, 0.08384746816892941, 0.06733203408835098;
 -0.09529991285590336, -0.977060732629088, -0.1904475029081951]
tcamera2end:
[1.887243879353053;
 -48.88936413815703;
 -31.95990161597666]
Rcamera2end:
[0.09374709750889365, -0.2286295806306266, 0.9689891622558645;
 -0.9767903175486035, 0.1671539022056308, 0.1339412129283933;
 -0.1925932430070087, -0.9590558314499186, -0.2076529674961305]
tcamera2end:
[11.29124065248928;
 -94.40617010719168;
 -31.92307304821636]
Rcamera2end:
[0.01085582845557043, -0.2328684524905176, 0.9724476514564755;
 -0.9910691310937323, 0.1267541144754714, 0.04141704789882605;
 -0.1329064647850427, -0.9642124653302355, -0.2294127139461359]
tcamera2end:
[94.17364757092061;
 -63.47371404273056;
 -23.38082436082462]

