R1:
[0.0007615716800780778, -0.9997669082563597, -0.02157658833309218;
 -0.03526601676436345, -0.02159002444462782, 0.999144723704257;
 -0.9993776703880028, 0, -0.03527423889821382]
t1:
[-8.500238339972601;
 245.5596101302319;
 127.0616871220487]
R2:
[0.0004056310523755547, -0.9992862137328473, -0.03777431014485293;
 -0.01072999477360949, -0.03777648797162317, 0.9992286045588807;
 -0.9999423496760239, 0, -0.01073765916726445]
t2:
[-13.21090901822705;
 201.4028527328925;
 67.11311154651226]
R3:
[-0.0003724639268288845, -0.9988201592795908, -0.04856079372617574;
 0.007660779563265613, -0.04856222211444795, 0.9987907804138914;
 -0.9999705864309741, 0, 0.007669828739531077]
t3:
[-17.88363178042011;
 219.7677303975019;
 38.98022779934727]
