R1:
[0.009956912405407725, -0.998543473718677, 0.05302632354961924;
 0.1842789383096099, 0.05395304526936238, 0.9813920428664812;
 -0.9828235511987052, 0, 0.1845477369386196]
t1:
[19.37349242918619;
 210.4976000709532;
 195.1036113344309]
R2:
[0.0240123268275348, -0.9971458739130596, -0.07157872797478522;
 -0.3171403280704492, -0.0754990472665758, 0.9453686615142303;
 -0.9480745859222762, 0, -0.3180480773850149]
t2:
[-33.15042695920449;
 289.7708423431081;
 246.8056089274464]
R3:
[-0.02112032291578182, -0.9779225723955707, -0.2078975092663763;
 0.09883850017686856, -0.2089675630312751, 0.9729149543940402;
 -0.9948793307948056, 0, 0.1010698627548279]
t3:
[-78.53668572467922;
 219.4745427644486;
 221.6642905094611]
R4:
[0.03056001501592184, -0.9170241970443342, -0.3976590342459487;
 -0.07026593496746406, -0.3988315710111149, 0.9143282104080318;
 -0.997060070339483, 0, -0.07662386139203151]
t4:
[-128.137718472786;
 146.5640893009066;
 370.9410396977879]
R5:
[-0.07731052138470039, -0.9623452664340302, -0.2606044348341777;
 0.2736982471734277, -0.2718300722363429, 0.9226037509798981;
 -0.9587034748958716, 0, 0.2844075372112718]
t5:
[-95.27483528520094;
 189.2363336715647;
 272.5191536522966]
R6:
[0.01230479476039015, -0.9988201592795908, -0.04697745674893068;
 -0.2530830865505025, -0.04856222211444795, 0.9662249540792133;
 -0.9673662922223285, 0, -0.2533820369955702]
t6:
[-20.39094030621452;
 271.3376584620574;
 307.3400987259061]
R7:
[-0.002016591257335368, -0.9822062415120053, 0.1877946551277784;
 -0.01054659585331574, 0.1878054821746702, 0.9821496170039709;
 -0.9999423496760239, 0, -0.01073765916726445]
t7:
[74.89005095299028;
 243.6084146885891;
 215.3948400875185]
R8:
[-0.04766855496334315, -0.9885997877236787, 0.1428221571759933;
 -0.3129841438695484, 0.1505671269324662, 0.9377475491695771;
 -0.9485613499157304, 0, -0.3165933755561657]
t8:
[64.9491064937131;
 278.3854944493088;
 279.9292304999353]
R9:
[0.004411022512521808, -0.9652237660797227, 0.2613878808882897;
 0.01628620897149308, 0.2614250971021656, 0.9650863577952287;
 -0.9998576410058239, 0, 0.01687298794728177]
t9:
[94.89670736965151;
 202.3140011621923;
 258.1823838874897]
R10:
[-0.3914580149767125, -0.7013583004418991, 0.5956988810730995;
 -0.3851696104343339, 0.7128089045468293, 0.5861295392629624;
 -0.8357062843537527, 0, -0.5491766621877195]
t10:
[300.5486273662285;
 147.6605965654084;
 247.6139945709531]
R11:
[-0.1327832637108541, -0.8102842359703175, 0.5707959896638137;
 -0.1835927954076211, 0.586037078125607, 0.7892111431907285;
 -0.9739929621679558, 0, -0.22657826384561]
t11:
[246.190652129772;
 192.3355345317767;
 225.7123792737345]
R12:
[-0.1023458475637597, -0.91266511520154, 0.3956863846288058;
 -0.2285432154918793, 0.4087081935735563, 0.8835867875644547;
 -0.9681391047463624, 0, -0.2504130065729652]
t12:
[161.8545058831114;
 213.3689206343323;
 324.9993840581659]
R13:
[0.01892122868994147, -0.9274532275342353, 0.3734601690156434;
 0.0469289005566946, 0.3739391805311794, 0.9262651712961089;
 -0.9987190122338729, 0, 0.05059974903689934]
t13:
[143.0947115259596;
 206.8470516208337;
 212.4271594674763]
R14:
[-0.04037431978525157, -0.9869167087338907, 0.1560939599207575;
 -0.2471367802711489, 0.1612309214197599, 0.9554726588528555;
 -0.9681391047463624, 0, -0.2504130065729652]
t14:
[67.29736811798175;
 263.8764726356504;
 308.2692715141982]
R15:
[0.004396056497655397, -0.994745271699163, 0.1022864561876479;
 0.04271262806103632, 0.1023808792312226, 0.9938278457418876;
 -0.9990777277526454, 0, 0.04293825693494096]
t15:
[39.4382166640338;
 235.1265856728322;
 194.8963110590173]
R16:
[0.0128228741460375, -0.9979028262377116, -0.06344701163508268;
 -0.1976829639286449, -0.0647298183744357, 0.9781265237103013;
 -0.9801821359681174, 0, -0.1980984107179536]
t16:
[-25.0732310449156;
 238.4797547989109;
 347.436614944863]
R17:
[-0.01190521112855336, -0.971927143052752, -0.2349806258934979;
 0.04917926952061981, -0.2352820192817875, 0.9706821162729345;
 -0.9987190122338729, 0, 0.05059974903689934]
t17:
[-87.38411718601816;
 212.9152909467985;
 224.2854342954834]
R18:
[0.09640946005607003, -0.8868030363923745, -0.4519796352237146;
 -0.1849976237617605, -0.4621475680399769, 0.8672920526311982;
 -0.9779985149345571, 0, -0.2086118519782633]
t18:
[-181.6753814827977;
 200.5521989562251;
 295.0126479949824]
R19:
[-0.06268532284604036, -0.7602306542969004, -0.6466219162439474;
 0.07335498376259385, -0.6496532554119211, 0.7566833512704524;
 -0.9953339121404823, 0, 0.09649043135525261]
t19:
[-228.0240008289313;
 118.7759373273055;
 381.9714410066308]
R20:
[-0.0054774032302728, -0.9801215231767056, -0.1983224592920012;
 0.02705933789296451, -0.1983980841786898, 0.9797479229000794;
 -0.9996188224951786, 0, 0.02760814577896582]
t20:
[-74.39463370831928;
 219.462609949693;
 252.6925385604878]
R21:
[0.01197781699901438, -0.9994755690455149, -0.03008519205659608;
 -0.369698464099819, -0.03238189125335562, 0.9285873457898781;
 -0.9290745812593157, 0, -0.3698924471489342]
t21:
[-14.49143908805799;
 299.2220693363384;
 235.5159055568342]
R22:
[0.02098130680091056, -0.9877726388558321, 0.1544830045432566;
 0.1329351415811716, 0.1559012954653866, 0.9787865110456968;
 -0.99090263542778, 0, 0.1345807085071262]
t22:
[55.80924531874661;
 205.5409457553876;
 228.8605382242142]
R23:
[-0.07520638873176823, -0.9779225723955706, 0.1949652314982241;
 -0.3519494799206935, 0.2089675630312752, 0.9123947178630109;
 -0.9329927988347388, 0, -0.3598950365349882]
t23:
[92.89223692682728;
 286.6553882321246;
 262.0313275436777]
R24:
[-0.04269371155033205, -0.9372067050063436, 0.3461514684140591;
 -0.1147241055610591, 0.3487744143298822, 0.9301584744074863;
 -0.99247953459871, 0, -0.1224106751992162]
t24:
[140.9617672834823;
 230.7244177201291;
 238.1128562669341]
R25:
[-0.409889709623741, -0.6289008017838444, 0.6606619464296417;
 -0.3315559585640867, 0.7774855506796493, 0.5344032792049578;
 -0.8497417680008527, 0, -0.5271991347819011]
t25:
[349.0889465456762;
 134.3147890678322;
 213.9100691611165]
R26:
[-0.1864282157636464, -0.6818667559296119, 0.7073204701726158;
 -0.173784420512391, 0.7314764023247962, 0.6593491093716175;
 -0.9669764710448521, 0, -0.2548656596045145]
t26:
[297.1416645135959;
 128.9291444063915;
 267.1816192951543]
R27:
[-0.04246554078021166, -0.8165636630572108, 0.5756912905549587;
 -0.06007014952414951, 0.5772553890390195, 0.81435114843755;
 -0.9972904566786902, 0, -0.07356456359966733]
t27:
[236.8936640341413;
 187.0408266562708;
 248.2094735123771]
R28:
[-0.1447903641942403, -0.8436330524160045, 0.5170290352656747;
 -0.2275011126429912, 0.5369201736489839, 0.8123792038666093;
 -0.9629532668736839, 0, -0.2696683255729151]
t28:
[215.2114455099388;
 190.0898732977508;
 257.485394674682]
R29:
[0.05344301883206333, -0.8941703493951164, 0.4445258485180936;
 0.1067328358331673, 0.4477269103623496, 0.8877774019946637;
 -0.9928504144598651, 0, 0.1193652148109914]
t29:
[171.5939058299111;
 194.635913912855;
 280.7262401928614]
R30:
[-0.05170499741441907, -0.9372067050063436, 0.344920549305963;
 -0.138938718748147, 0.3487744143298822, 0.9268508188168531;
 -0.988950264510303, 0, -0.1482476789868961]
t30:
[132.8758779631091;
 208.9964773218827;
 308.4745090488126]
R31:
[0.004166902760209266, -0.9779225723955706, 0.2089260139872891;
 0.01950019518376724, 0.2089675630312752, 0.9777281319408606;
 -0.9998011698878843, 0, 0.0199404285515146]
t31:
[80.31999129791862;
 227.8200235091735;
 215.789058822353]
R32:
[0.004702269134690229, -0.9994755690455149, -0.03203865705876401;
 -0.1451367705001682, -0.03238189125335562, 0.9888815555806658;
 -0.9894004277913804, 0, -0.1452129246528474]
t32:
[-12.79641322883702;
 246.9046514950878;
 284.5793110706582]
R33:
[-0.01439038123481559, -0.9822062415120053, -0.1872533472672171;
 0.07526043490800423, -0.1878054821746701, 0.9793186242498392;
 -0.997060070339483, 0, 0.07662386139203162]
t33:
[-67.3124230938899;
 203.9780839182585;
 245.9136742197622]
R34:
[-0.002038164298412319, -0.8965741072173645, -0.4428890562586508;
 0.004125967802921538, -0.4428937460242419, 0.8965646134675981;
 -0.9999894110819284, 0, 0.004601926120448672]
t34:
[-147.519937031236;
 150.5727014726074;
 311.6400993319726]
R35:
[-0.1403062937537123, -0.8348280530292711, -0.5323309739329973;
 0.2127690023916579, -0.5505107827058036, 0.8072590846474892;
 -0.9669764710448521, 0, 0.2548656596045146]
t35:
[-156.5043690836038;
 89.27274957933365;
 359.9696674337916]
R36:
[-0.02885868917982879, -0.9731830119240462, -0.2282148140705675;
 0.1220906586173298, -0.2300322266606174, 0.9654941976914957;
 -0.9920993131421918, 0, 0.1254549834115462]
t36:
[-82.32189142303466;
 200.2140979617232;
 224.5854660588241]
R37:
[0.0188250707274692, -0.9935820360309777, -0.1115363366291127;
 -0.1653577880880294, -0.1131138261952842, 0.9797255045379279;
 -0.9860539633461954, 0, -0.1664259035404641]
t37:
[-44.51022298729046;
 242.9139372051109;
 306.7576424905225]
R38:
[0.00330719872387325, -0.99627270496696, 0.08619605428566667;
 0.03819721543331829, 0.08625947680004084, 0.9955401927573411;
 -0.9992647472865944, 0, 0.03834012037355279]
t38:
[33.57106366398304;
 239.6763467282075;
 234.0346791771352]
R39:
[-0.05833266213384278, -0.9877726388558321, 0.1445770191149504;
 -0.3695890238463367, 0.1559012954653866, 0.916023329137706;
 -0.9273625256504011, 0, -0.3741640629714579]
t39:
[71.89882840603349;
 307.4826897080418;
 218.8001250809324]
R40:
[-0.01301363442765081, -0.9294582017302793, 0.3686978390976803;
 -0.03278593065373809, 0.3689274335642654, 0.9288797723682289;
 -0.9993776703880028, 0, -0.03527423889821382]
t40:
[145.7236741947214;
 219.0692830083375;
 218.4802916075002]
