R1:
[0.001414068399809163, -0.9998688836656322, 0.01613120850411456;
 0.08731408540211928, 0.01619306880250179, 0.9960492131482003;
 -0.9961798285956969, 0, 0.08732553520619223]
t1:
[6.338413109932083;
 243.3162189079478;
 42.59574832948216]
R2:
[0.02372862460366458, -0.9832056870627417, 0.1809517319671201;
 0.1278356392079771, 0.1825008956895338, 0.9748597193549469;
 -0.9915114733187439, 0, 0.1300192227222333]
t2:
[77.11219129188184;
 267.3743721634472;
 67.61096849393016]
R3:
[-0.01540408384701831, -0.9929569837240564, -0.1174697521681988;
 0.1291034952204151, -0.1184754340512159, 0.9845282418743752;
 -0.9915114733187439, 0, 0.1300192227222333]
t3:
[-50.05948217091422;
 271.4945922349715;
 67.61096849393016]
