R1:
[0.0005635088104848691, -0.9998898454549587, -0.01483170299996865;
 -0.03796195939629975, -0.01484240398516269, 0.9991689510201641;
 -0.9992790261466585, 0, -0.03796614153934798]
t1:
[-4.77647633477667;
 321.7774013544857;
 126.6271700615453]
R2:
[-0.001554298657583536, -0.9989626618031862, -0.04551026783898562;
 0.03409739509581657, -0.04553680185402983, 0.9983805723894004;
 -0.9994173061356116, 0, 0.03413280235546419]
t2:
[-12.65094959175253;
 277.5299486122485;
 65.96882168915117]
R3:
[0.001594265639621485, -0.9978211002063401, -0.06595839825283323;
 -0.0241110677167064, -0.06597766275800493, 0.9975297511505866;
 -0.9997080147376186, 0, -0.02416371803695117]
t3:
[-19.22641181400414;
 290.7729462869185;
 31.31115383644859]
R4:
[-0.01961592285876904, -0.9989626618031862, -0.04109520523725362;
 0.4303239075843828, -0.04553680185402983, 0.9015252266233122;
 -0.9024613842883841, 0, 0.430770762550447]
t4:
[-12.34815157970985;
 270.8873233996019;
 118.9151869120815]
R5:
[-0.0003421411524986793, -0.9999422366276411, 0.01074273463985182;
 -0.03183062972007989, 0.01074818161879047, 0.9994354844628605;
 -0.9994932185618144, 0, -0.03183246847080927]
t5:
[3.278207943547575;
 304.9835497262791;
 97.01283439748391]
R6:
[0.003960593212927435, -0.9822181367914088, -0.187701479640985;
 -0.02072067184533234, -0.1877432602199434, 0.9819995529531899;
 -0.9997774589675843, 0, -0.02109579437518851]
t6:
[-56.42650093990692;
 295.2070426066171;
 85.43796714469254]
R7:
[2.570190340059435e-05, -0.9977530355704786, 0.06699909961564805;
 0.0003827536548712652, 0.06699910454547411, 0.9977529621553345;
 -0.9999999264195232, 0, 0.0003836156255364543]
t7:
[17.23467594339947;
 256.659403976496;
 21.15572713461332]
R8:
[-0.0006218336759582599, -0.99998939049394, -0.004564232951742647;
 0.1349920528398867, -0.004606397676962895, 0.9908359736962091;
 -0.9908464860880078, 0, 0.1349934850540844]
t8:
[-1.303520765153205;
 282.9775079908384;
 97.33271586249819]
R9:
[-0.02310646781514582, -0.9905368831452015, -0.1352877462082099;
 0.1667638823364294, -0.1372467964252332, 0.9763980358537661;
 -0.9857260769063529, 0, 0.1683570649150514]
t9:
[-36.57550944635964;
 263.9725812921349;
 57.88944917453182]
R10:
[-0.003754854262865382, -0.9930187345031928, 0.1178969634687094;
 -0.03161023755699603, 0.1179567417559402, 0.992515491040776;
 -0.9994932185618144, 0, -0.03183246847080949]
t10:
[42.2984232297;
 356.0892415453814;
 102.9967246060859]
R11:
[0.0007213399437614036, -0.999685526224246, -0.02506647814189031;
 -0.02875612195616942, -0.02507685502116106, 0.9992718532973345;
 -0.9995861969428786, 0, -0.0287651678471125]
t11:
[-8.664928590598146;
 345.4262382774091;
 72.2246862590473]
R12:
[-0.001125048768773664, -0.9989155220197906, 0.04654582831143082;
 -0.02413751301681944, 0.04655942297676502, 0.9986238534089968;
 -0.9997080147376186, 0, -0.0241637180369505]
t12:
[13.49652679607029;
 289.5630840759912;
 123.522367617369]
R13:
[0.005688405597927345, -0.9822181367914088, -0.187657064348153;
 -0.02976008375035398, -0.1877432602199434, 0.9817671850582288;
 -0.9995408843348657, 0, -0.03029885382443722]
t13:
[-55.28667194877497;
 289.2437888172727;
 71.5248173734694]
R14:
[-0.003705620706557001, -0.9952253994991731, 0.09753293067928559;
 -0.03778486838093975, 0.09760330010666234, 0.9945078680079529;
 -0.9992790261466585, 0, -0.03796614153934798]
t14:
[30.70876505126265;
 313.126123121558;
 123.1057884686956]
R15:
[0.0005741496132099915, -0.9998007815327559, -0.0199516314799606;
 -0.02875943729446397, -0.01995989094385298, 0.9993870609128453;
 -0.9995861969428786, 0, -0.0287651678471125]
t15:
[-6.013123175518715;
 301.2003055150872;
 114.8342366091526]
R16:
[0.0005741496132099915, -0.9998007815327559, -0.0199516314799606;
 -0.02875943729446397, -0.01995989094385298, 0.9993870609128453;
 -0.9995861969428786, 0, -0.0287651678471125]
t16:
[-6.479845816608732;
 324.5786727934183;
 138.2400844238456]
R17:
[0.0001042417791232658, -0.99998939049394, -0.004605218041506219;
 -0.02262954275328802, -0.004606397676962895, 0.9997333068850006;
 -0.9997439136741112, 0, -0.02262978284410624]
t17:
[-1.430565730247522;
 310.5573276502112;
 78.59352487814232]
R18:
[0.0001183733480954398, -0.99998939049394, -0.004604876470524463;
 -0.02569732370365629, -0.004606397676962895, 0.9996591562402213;
 -0.9996697622426218, 0, -0.02569759634246041]
t18:
[-1.420947273688834;
 308.4692850654997;
 138.8602753374838]
R19:
[0.02503151603872556, -0.9790115796703882, 0.2022615882368525;
 0.1202433141895217, 0.2038046291704167, 0.9715993096546687;
 -0.9924288229377072, 0, 0.1228211358133323]
t19:
[53.88258679760079;
 258.8345349768095;
 46.40837888430106]
R20:
[-0.0009936946402134385, -0.9995126498507005, 0.03120056665179206;
 -0.03181695491254745, 0.03121638653705626, 0.9990061153925245;
 -0.9994932185618144, 0, -0.03183246847080927]
t20:
[9.622745182213146;
 308.1091888868864;
 113.9345020807047]
