R1:
[-0.004051545965735169, -0.9971458739130596, 0.07539025874374068;
 -0.05351037514999839, 0.07549904726657571, 0.9957090607266491;
 -0.9985590742297593, 0, -0.05366353765273055]
t1:
[28.74018452410855;
 231.523020597958;
 188.7069826156191]
R2:
[0.07928467564081818, -0.9801215231767056, -0.1818673692950573;
 -0.3916802794509874, -0.1983980841786898, 0.898456876474003;
 -0.9166790599210427, 0, -0.3996241998456467]
t2:
[-90.69202893252728;
 299.9746163891143;
 199.1167340115573]
R3:
[-0.007526276678700203, -0.9916201012264252, -0.128968717148966;
 0.05777006614119793, -0.1291881373954061, 0.9899358790418435;
 -0.9983015449338929, 0, 0.05825826450043573]
t3:
[-48.41558169531844;
 223.5674960657119;
 201.9577656996501]
R4:
[0.1177404657820278, -0.9445182979923653, -0.306630669495138;
 -0.3385752599494981, -0.3284588022227527, 0.8817491755553415;
 -0.9335437729788363, 0, -0.3584634206337364]
t4:
[-136.0437053837432;
 243.1481764655685;
 233.9186037243231]
R5:
[0.0006940533897587626, -0.9935820360309777, -0.1131116968594722;
 -0.006096504762558043, -0.1131138261952842, 0.9935633321299369;
 -0.9999811752826011, 0, -0.006135884649154393]
t5:
[-42.94287268788908;
 229.1464681517309;
 194.5269051057551]
R6:
[-0.02296137440236933, -0.9982376930681531, 0.05472004590208255;
 -0.3862491143212241, 0.05934229636584518, 0.9204836302445027;
 -0.9221086687433452, 0, -0.3869310055143886]
t6:
[25.38574698224653;
 278.9711574756446;
 226.2491846382906]
R7:
[-0.01995859705205753, -0.9693304840617456, 0.2449491111891113;
 -0.07872073104729677, 0.2457608851477834, 0.9661286838898622;
 -0.9966968952028961, 0, -0.08121144680959226]
t7:
[94.77424217343376;
 225.7487205672169;
 218.4522777295916]
R8:
[-0.1473741532641888, -0.9191636897958122, 0.3652656161078007;
 -0.3439180207098378, 0.3938757562492871, 0.8523979608551863;
 -0.9273625256504011, 0, -0.3741640629714579]
t8:
[161.7121951643668;
 229.3178295158245;
 286.2327795691139]
R9:
[-0.01107568716104948, -0.9988201592795908, 0.04728232831199809;
 -0.2278029944399721, 0.0485622221144483, 0.9724955045178817;
 -0.973644249650812, 0, -0.2280720831708857]
t9:
[18.34901508368074;
 229.339661105146;
 286.7173659867067]
R10:
[-0.0005205414713519565, -0.9935820360309776, 0.113112628442246;
 -0.004572391124419408, 0.1131138261952844, 0.9935715150722007;
 -0.9999894110819284, 0, -0.00460192612044855]
t10:
[39.57414743001073;
 199.5558777426218;
 243.0471302411328]
R11:
[0.01892756033068782, -0.9811781768982391, -0.1921747450592197;
 -0.09617227905333718, -0.1931045964720879, 0.9764535357931985;
 -0.9951847266721969, 0, -0.09801714032956065]
t11:
[-77.02254672593089;
 243.2970332207597;
 234.0683365821307]
R12:
[-3.30367120966885e-18, -0.998543473718677, -0.05395304526936248;
 6.114315344495285e-17, -0.05395304526936248, 0.998543473718677;
 -1, 0, 6.123233995736766e-17]
t12:
[-19.94555471146743;
 221.0851221594772;
 211.8987600731795]
R13:
[-0.1006543547625371, -0.9679897696022608, 0.2299228279503787;
 -0.3881928377783477, 0.2509896530643487, 0.886741515184798;
 -0.9160649657993317, 0, -0.4010298971835757]
t13:
[114.6945234536339;
 294.2814430715998;
 180.8043050078294]
R14:
[-0.03798714174468498, -0.9480091799562704, 0.3159676752149006;
 -0.1131593194082719, 0.318242980627444, 0.94123130723134;
 -0.9928504144598651, 0, -0.1193652148109912]
t14:
[123.7860288142967;
 220.684320565746;
 221.5222339806396]
R15:
[-0.1988604706897213, -0.8227479202471012, 0.5324850917407286;
 -0.2878434031705334, 0.568406421259533, 0.7707530833685559;
 -0.9368034417359216, 0, -0.3498561297901349]
t15:
[230.7991774334718;
 186.013536339287;
 239.224192537954]
R16:
[-0.01964887843792586, -0.998543473718677, 0.05024791209562322;
 -0.3636543448498172, 0.05395304526936238, 0.9299702072529058;
 -0.9313267090811805, 0, -0.3641847895670797]
t16:
[23.1813079304209;
 280.9712739646097;
 219.2956971624419]
R17:
[-0.007649713993118161, -0.9877726388558321, 0.1557135055273282;
 -0.04846770615291225, 0.1559012954653866, 0.9865828234529979;
 -0.9987954562051724, 0, -0.04906767432741801]
t17:
[58.97307754221443;
 225.5866220593781;
 209.8618114248835]
R18:
[0.01864300674821759, -0.998543473718677, -0.05062972835423661;
 -0.3450380349428958, -0.05395304526936248, 0.9370367246532589;
 -0.9384035340631082, 0, -0.345541324963989]
t18:
[-22.44654374997665;
 267.3725239136735;
 254.6490982623465]
R19:
[-0.004853688748032654, -0.9860320222975432, -0.1664851125757334;
 0.02873446081955953, -0.1665558495034545, 0.9856132505996416;
 -0.9995752960467492, 0, 0.02914150876419374]
t19:
[-61.18912817062666;
 214.1874981970248;
 224.8554601587247]
R20:
[0.09449704877243482, -0.921276400388451, -0.377253365605396;
 -0.2238519055070172, -0.3889084649211155, 0.8936669012073676;
 -0.970031253194544, 0, -0.2429801799032639]
t20:
[-146.1407769786708;
 198.1295564350605;
 293.1182375023923]
R21:
[0.008522390912316255, -0.9988201592795908, -0.04780855854165284;
 -0.1752871981109389, -0.04856222211444795, 0.9833189252535128;
 -0.9844804553832209, 0, -0.1754942533772713]
t21:
[-17.93562896171947;
 220.8372002579443;
 312.0778748712267]
R22:
[0.001709570820368671, -0.9923029991040402, 0.1238217886187137;
 0.01369912844019079, 0.1238335898257305, 0.9922084337027437;
 -0.9999047010828529, 0, 0.01380538852806035]
t22:
[46.66249267139537;
 225.8557646052095;
 181.7680493453871]
R23:
[-0.1934982272952288, -0.8740083881092758, 0.4457216323539048;
 -0.3480454896144753, 0.4859108328846204, 0.8017200257224431;
 -0.917290997008378, 0, -0.3982175621533735]
t23:
[207.1916676561491;
 224.6158969393524;
 235.9676520410555]
R24:
[-0.1317524691728115, -0.8578153193067742, 0.4967838210222676;
 -0.2198998269239812, 0.5139580507810118, 0.82915088383007;
 -0.9665843744783331, 0, -0.2563486824899428]
t24:
[209.3540071385452;
 201.3597127738401;
 193.9071325002921]
R25:
[-0.1076921476330514, -0.9148579844735496, 0.3891494180686586;
 -0.2440042957368681, 0.4037757648064016, 0.8817182290374632;
 -0.9637760657954398, 0, -0.2667127574748983]
t25:
[159.8326074869217;
 214.0819359053094;
 289.9887361631659]
R26:
[-0.0008983502695383991, -0.9999854312354064, 0.005322620006302603;
 -0.1664234789206532, 0.005397899307904181, 0.9860395977581269;
 -0.9860539633461954, 0, -0.1664259035404641]
t26:
[2.094651982213827;
 239.9838196864889;
 317.6955541340266]
R27:
[-0.005338554317061326, -0.9957925705343311, -0.09148036022247048;
 0.05801314696175787, -0.09163599985065461, 0.9941012615981153;
 -0.9983015449338929, 0, 0.05825826450043573]
t27:
[-34.44472261768554;
 226.2448467055284;
 212.0639188648416]
R28:
[0.05344518355424926, -0.9480091799562705, -0.3137231376125964;
 -0.1592070453022491, -0.3182429806274437, 0.9345450882688797;
 -0.9857975091675675, 0, -0.1679382949747311]
t28:
[-113.3231071198942;
 189.5164820924481;
 295.4064501658591]
R29:
[-0.004038680388605547, -0.9562521337935256, -0.2925158896129371;
 0.01320143223780637, -0.292543768717314, 0.9561610040006554;
 -0.9999047010828529, 0, 0.01380538852806035]
t29:
[-101.730489391554;
 184.4714293278798;
 264.3282079734926]
R30:
[0.0003477062903960096, -0.9999417253661235, -0.01079004041492714;
 -0.03220614849741602, -0.01079564133435999, 0.99942294256593;
 -0.9994811869661669, 0, -0.03220802540830458]
t30:
[-3.779425972003441;
 202.0077366253671;
 252.5793826134149]
R31:
[-0.04120058373708222, -0.9957925705343311, 0.08185150193095342;
 -0.4477196216981194, 0.09163599985065474, 0.8894661229512137;
 -0.8932243011955152, 0, -0.4496113296546067]
t31:
[40.92211260735095;
 296.6335240667668;
 206.6117273899677]
R32:
[-0.2596296617596135, -0.8407225206909207, 0.4751611115586934;
 -0.4031212005956054, 0.54146619765513, 0.7377720884034942;
 -0.8775452902072612, 0, -0.4794937576601531]
t32:
[241.8390959817583;
 227.4381848467951;
 192.9761853386356]
R33:
[-0.1260432579616135, -0.8917405376582144, 0.4346399781652178;
 -0.248367297560626, 0.452547029044539, 0.8564548277669948;
 -0.9604305194155659, 0, -0.2785196893850529]
t33:
[194.1172993807671;
 234.4466872807365;
 185.8572881560919]
R34:
[0.00598969384620832, -0.9998688836656322, -0.01504456861698732;
 -0.3698439482071537, -0.01619306880250145, 0.9289527644058667;
 -0.9290745812593157, 0, -0.3698924471489342]
t34:
[-6.576106630887316;
 257.9930141683672;
 286.4576092324263]
R35:
[0.005817677214905686, -0.99627270496696, -0.08606306972006013;
 -0.06719253617726559, -0.08625947680004072, 0.9940042584135392;
 -0.9977230666441916, 0, -0.06744391956366398]
t35:
[-33.24602518496637;
 235.9222436809689;
 204.6829701091499]
R36:
[0.1294572167529058, -0.9081996629078656, -0.3980128155281316;
 -0.2809141118500522, -0.4185371814953115, 0.8636630647824747;
 -0.9509616663115751, 0, -0.3093087603122686]
t36:
[-168.4429631167168;
 217.4507576709237;
 285.5398543151135]
R37:
[0.00509507866919227, -0.9994755690455149, 0.03197854053109544;
 0.1572609398376275, 0.03238189125335597, 0.9870260431823681;
 -0.9875439417943592, 0, 0.1573434556162383]
t37:
[11.42714094186201;
 204.6417031238772;
 352.5393734250516]
R38:
[0.02031322380572055, -0.9901676461321066, 0.1384030544887718;
 0.143785139791469, 0.1398857839567811, 0.9796722926682905;
 -0.9894004277913804, 0, 0.1452129246528475]
t38:
[49.36648987782596;
 201.3758018198164;
 209.8195386346673]
R39:
[-0.1638863741728891, -0.8465190027584003, 0.5065045254776973;
 -0.2606005702874926, 0.5323585051156068, 0.8054078251401027;
 -0.9514350209690083, 0, -0.3078496400415349]
t39:
[212.2829834614713;
 189.4974499807395;
 267.4993546362282]
R40:
[-0.01548057419366398, -0.8633138372102466, 0.5044299458834242;
 -0.02648198203609108, 0.5046674335454189, 0.8629075768273913;
 -0.9995294175010931, 0, -0.03067480317663646]
t40:
[200.5754498881679;
 195.0561786617281;
 246.7068003264273]
