R1:
[0.006443440356200395, -0.9979028262377116, 0.0644083182761632;
 0.09933485839481231, 0.06472981837443582, 0.9929464419196512;
 -0.9950331994381186, 0, 0.09954361866006944]
t1:
[26.1399560943522;
 254.9248487043759;
 204.2635155261256]
R2:
[-0.06061489513459953, -0.974410524646926, 0.2164485249317352;
 -0.2627676546021622, 0.2247757314687297, 0.9383117979848576;
 -0.9629532668736839, 0, -0.2696683255729151]
t2:
[99.66670236780261;
 283.998581722601;
 270.7892086973276]
R3:
[0.01464045700009075, -0.9513895721444285, 0.3076419006469531;
 0.04522476393376773, 0.3079900680457752, 0.9503140737210481;
 -0.9988695499142836, 0, 0.04753548415695926]
t3:
[128.9746750544715;
 250.3462268504815;
 207.9943910420635]
R4:
[-0.105304854024006, -0.9353104018927568, 0.3377948191287019;
 -0.2783630669307076, 0.3538282805418606, 0.8929275171354731;
 -0.9546857549413383, 0, -0.2976157074350862]
t4:
[159.4587911501787;
 273.4536953089367;
 219.5703563677133]
R5:
[-0.003347568483110806, -0.9801215231767056, 0.1983698404269798;
 -0.01653757864743189, 0.1983980841786899, 0.9799819940624959;
 -0.9998576410058239, 0, -0.01687298794728165]
t5:
[85.34847411925057;
 273.5765132801651;
 222.4159168350628]
R6:
[-0.008971276044640651, -0.9994755690455149, 0.03111435500335864;
 -0.2769007887657686, 0.03238189125335597, 0.9603527301464557;
 -0.9608566331076797, 0, -0.2770460803060998]
t6:
[15.01855316288907;
 315.4915835463503;
 223.432461658881]
R7:
[-0.004546563107121435, -0.998543473718677, -0.05376113705783053;
 0.0841461477438466, -0.05395304526936248, 0.9949917058579096;
 -0.9964430513500426, 0, 0.08426888759332413]
t7:
[-22.15368176001309;
 261.9523399867352;
 202.5850888850546]
R8:
[0.02327529214947355, -0.9822062415120053, -0.186357612965548;
 -0.1217277416905546, -0.1878054821746701, 0.9746340122158971;
 -0.9922905913482574, 0, -0.1239329751185121]
t8:
[-80.27557730745391;
 271.7742463668246;
 261.0080350894939]
R9:
[-0.01777888717588747, -0.9916201012264252, -0.1279589231530236;
 0.1364668788983844, -0.1291881373954061, 0.9821849195136522;
 -0.990485084256457, 0, 0.1376201215864862]
t9:
[-52.14428973855195;
 252.1882496567182;
 221.8644442242931]
R10:
[0.031170982873858, -0.9935820360309777, -0.1087341137969801;
 -0.2738032093037425, -0.1131138261952842, 0.9551110222892594;
 -0.9612804858113206, 0, -0.2755718193109581]
t10:
[-51.82090070568151;
 307.1302960405449;
 281.5398229465893]
R11:
[0.01627132287389128, -0.9901676461321066, 0.1389362321539518;
 0.1151749449713501, 0.1398857839567811, 0.9834463378840979;
 -0.9932119492347945, 0, 0.1163186309119049]
t11:
[52.85282341653431;
 226.0534679557892;
 234.3712716962223]
R12:
[-0.07148646011997341, -0.9731830119240462, 0.2186424280005078;
 -0.3024333137199269, 0.2300322266606177, 0.9249969002380184;
 -0.9504860739494818, 0, -0.3107671527496114]
t12:
[106.5458281672595;
 302.6967981626086;
 215.3366169581343]
R13:
[-0.0001987124542015075, -0.9999417253661235, 0.01079381235619231;
 -0.01840565726035857, 0.01079564133436011, 0.9997723170347307;
 -0.9998305817958234, 0, -0.0184067299058047]
t13:
[4.49036553846951;
 267.8582141195066;
 223.1484463844432]
R14:
[0.04147709228209045, -0.9666208503126112, -0.2528315299893339;
 -0.1564827636097739, -0.2562111077625724, 0.9538705430781073;
 -0.9868094018141855, 0, -0.1618863937801118]
t14:
[-107.9868368053677;
 259.3475044088387;
 280.8523892921543]
R15:
[-0.001389321781863222, -0.9998688836656322, -0.01613335867787566;
 0.08578606291534667, -0.01619306880250145, 0.9961819793251842;
 -0.996312612182778, 0, 0.08579731234443988]
t15:
[-6.236518406305639;
 237.0245551838648;
 239.6140345726411]
R16:
[0.01104932310309213, -0.9994755690455149, -0.03043845167066853;
 -0.3410402564083209, -0.03238189125335562, 0.93949079645721;
 -0.939983753034014, 0, -0.3412192023202823]
t16:
[-15.23188961315212;
 322.0762690533427;
 213.2268587932699]
R17:
[0.02338209543498483, -0.9790363111356837, 0.2023392672985205;
 0.1123884014819293, 0.2036857910553234, 0.9725641088044037;
 -0.9933892111480807, 0, 0.1147949266065103]
t17:
[76.36080218924928;
 218.975902226575;
 241.2334824775583]
R18:
[-0.08597325926092381, -0.9353104018927568, 0.3432244903896917;
 -0.2272618897172961, 0.3538282805418606, 0.9072803212739234;
 -0.970031253194544, 0, -0.2429801799032639]
t18:
[149.9693737457323;
 248.3693498951425;
 277.7418274158861]
R19:
[0.0102763877511974, -0.9851186053243665, 0.1715684391097683;
 0.05889981854687255, 0.171875924561223, 0.9833562314499108;
 -0.9982110033604782, 0, 0.05978957074664001]
t19:
[72.29785915429598;
 266.3201196115046;
 189.2610736240874]
R20:
[-0.01335285422643149, -0.9990677416889607, 0.04105299989681278;
 -0.3090204046497902, 0.04316998397636997, 0.9500751243946763;
 -0.9509616663115751, 0, -0.3093087603122686]
t20:
[19.89267010330163;
 312.3090612242895;
 220.7602628836939]
R21:
[-0.01760147923537762, -0.9957925705343311, -0.08992966361193476;
 0.1912722323275673, -0.09163599985065461, 0.9772501095788119;
 -0.9813791933137546, 0, 0.1920803970498924]
t21:
[-35.69936602056019;
 239.8788396917856;
 213.8123726931539]
R22:
[0.01923179638723674, -0.9679897696022608, -0.250251761138822;
 -0.07417111393490815, -0.2509896530643488, 0.9651439477675301;
 -0.997060070339483, 0, -0.07662386139203151]
t22:
[-108.1546061236343;
 269.0589966791136;
 275.0105536714506]
R23:
[-0.02639021594411935, -0.9923029991040402, -0.1209889022660752;
 0.2114700095927589, -0.12383358982573, 0.9695079561683397;
 -0.9770281426577544, 0, 0.2131103199160914]
t23:
[-46.02661341077457;
 220.7603385720156;
 221.9287387182914]
R24:
[-0.03311720881464216, -0.9916201012264251, 0.1248712349743599;
 -0.2542005064799378, 0.1291881373954065, 0.9584844952640854;
 -0.9665843744783331, 0, -0.2563486824899428]
t24:
[57.39812897552746;
 292.5155792477565;
 253.5526090071662]
R25:
[0.0006896022255101498, -0.974410524646926, 0.2247746736313348;
 0.002989449358995919, 0.2247757314687297, 0.974405938885446;
 -0.9999952938095762, 0, 0.003067956762966138]
t25:
[95.49122582090625;
 265.8977473214538;
 178.8979859000428]
R26:
[0.01408548517484987, -0.9979028262377116, -0.06317870285291174;
 -0.2171479206631499, -0.0647298183744357, 0.9739901596858579;
 -0.9760370790390391, 0, -0.2176042746384836]
t26:
[-28.8222966593083;
 296.2769689160857;
 244.8469891055283]
R27:
[-0.01005556940168492, -0.998237693068153, -0.05848413171091551;
 0.1691516678111228, -0.05934229636584529, 0.9838019135673317;
 -0.9855387353121761, 0, 0.1694502912339679]
t27:
[-22.95616181215965;
 238.1014297464012;
 211.1733852786901]
R28:
[0.07204622462037721, -0.9756096454547037, -0.2073527458552151;
 -0.3202046891289422, -0.2195126868674047, 0.9215655903754709;
 -0.9446048372614803, 0, -0.3282098435790926]
t28:
[-103.5170268492593;
 312.0145920618916;
 221.4581331536716]
R29:
[0.01157710770718926, -0.9982376930681531, 0.05820205078094707;
 0.1947465129893031, 0.05934229636584518, 0.9790568357049224;
 -0.9807852804032304, 0, 0.1950903220161283]
t29:
[21.48163482763352;
 213.297394420137;
 233.0006508743963]
R30:
[0.009828018562589993, -0.9996358021096176, -0.02513310947326033;
 -0.36405215423501, -0.02698635100678678, 0.9309875218584763;
 -0.9313267090811805, 0, -0.3641847895670797]
t30:
[-12.79310915243728;
 325.825851623896;
 196.402831071146]
R31:
[-0.008927424522504107, -0.9822062415120053, 0.1875931774512478;
 -0.04668964923226031, 0.1878054821746702, 0.9810959063820969;
 -0.9988695499142836, 0, -0.04753548415695914]
t31:
[78.81699292136585;
 264.145977632607;
 215.8346125816643]
R32:
[-0.1023708863704999, -0.9593546061522091, 0.2629808762595824;
 -0.3480113750799436, 0.2822033657746477, 0.894007462586542;
 -0.9318842655816681, 0, -0.3627557243673971]
t32:
[133.0267947851979;
 304.1665989582655;
 190.8185685998527]
R33:
[0.0219703289990779, -0.989398131236356, 0.1435571055353193;
 0.1496771762464788, 0.1452285712454906, 0.9780109431928019;
 -0.9884907928526966, 0, 0.1512810379573302]
t33:
[58.46097465065495;
 250.2168581523863;
 199.8923402406809]
R34:
[0.03959240994300497, -0.989398131236356, -0.1397275169066974;
 -0.2697310596173018, -0.14522857124549, 0.9519211194062883;
 -0.9621214042690416, 0, -0.2726213554499489]
t34:
[-67.18476621465561;
 309.649399536601;
 224.2756212487535]
R35:
[-0.0214551552374372, -0.9877726388558322, -0.1544179077747242;
 0.1359373906591439, -0.1559012954653865, 0.9783740654233418;
 -0.990485084256457, 0, 0.1376201215864862]
t35:
[-59.0114406514589;
 225.8296862978121;
 240.604536873035]
R36:
[-0.0241897080550066, -0.9967238104745694, 0.0771783885376484;
 -0.2980999841138223, 0.08088044036140424, 0.9511018630190375;
 -0.9542280951091057, 0, -0.2990798263080404]
t36:
[36.15053980884438;
 297.4383631144809;
 265.0790146410983]
R37:
[0.01807995262704743, -0.9679897696022608, 0.2503376145495635;
 0.06972880739983524, 0.2509896530643487, 0.9654750579239397;
 -0.9974021299012753, 0, 0.07203465324688942]
t37:
[103.7803695637878;
 252.1889138368303;
 203.080034416847]
R38:
[0.03014747576029773, -0.9952834211666139, -0.09220651417423134;
 -0.3093013949748409, -0.09700985285464804, 0.9460030314516634;
 -0.9504860739494818, 0, -0.3107671527496114]
t38:
[-44.75656121128728;
 311.1249389645648;
 263.9031717268781]
R39:
[0.01792308663571316, -0.9929569837240564, 0.1171118757388537;
 0.1502155631447551, 0.1184754340512158, 0.9815288361100146;
 -0.9884907928526966, 0, 0.1512810379573302]
t39:
[47.88079100698303;
 253.2347173172048;
 195.5077279174289]
R40:
[-0.09481405896381462, -0.9462775250688209, 0.3091425880923452;
 -0.2774667035770749, 0.3233556023167484, 0.9046841343012735;
 -0.9560452513499965, 0, -0.2932191626942586]
t40:
[142.5393448248713;
 269.0714103711887;
 261.3306984068332]
