R1:
[0.0005298457237108706, -0.9997669082563597, -0.0215835219329166;
 -0.02453550816516466, -0.02159002444462782, 0.9994657971554393;
 -0.9996988186962042, 0, -0.02454122852291214]
t1:
[-8.508796381216341;
 245.9559064131254;
 129.1761225957151]
R2:
[0.0005215190936738516, -0.9992862137328473, -0.03777288791322585;
 -0.01379553443131619, -0.03777648797162317, 0.9991909828387585;
 -0.9999047010828529, 0, -0.01380538852806023]
t2:
[-13.2107344796862;
 201.3982357352044;
 66.73663489098843]
R3:
[-0.0004469547840133083, -0.9988201592795908, -0.04856016523977267;
 0.009192895817387425, -0.04856222211444795, 0.998777853804237;
 -0.9999576445519639, 0, 0.00920375478205996]
t3:
[-17.89630852203661;
 220.0284636285862;
 39.39500515174186]
