cam0:
  T_cam_imu:
  - [-0.0390258755397381, -0.9986076786908611, -0.035492042742114205, 0.0009722711971431346]
  - [-0.11152037494519362, 0.03964994920847423, -0.992970839199143, 0.007710777932207127]
  - [0.9929955624324016, -0.03479347047100362, -0.11291247673372098, -0.0029351193636339245]
  - [0.0, 0.0, 0.0, 1.0]
  cam_overlaps: []
  camera_model: pinhole
  distortion_coeffs: [-0.3649776105434452, 0.1067357069563635, 0.002984420877562965, -0.002477954123125047]
  distortion_model: radtan
  intrinsics: [843.858052071779, 845.4261458999864, 642.0304338748831, 344.2220673496408]
  resolution: [1280, 720]
  rostopic: /front_camera/image_raw
  timeshift_cam_imu: -0.22762490866324842
