cam0:
  T_cam_imu:
  - [0.07511099150642087, -0.9861530172104523, 0.14785318935227293, -0.007484180825397441]
  - [0.39285285292182326, 0.16554462404283302, 0.9045781411252964, 0.02365234254424726]
  - [-0.9165287638181914, -0.009859213824325197, 0.3998472470790059, -0.08803339662349696]
  - [0.0, 0.0, 0.0, 1.0]
  cam_overlaps: []
  camera_model: pinhole
  distortion_coeffs: [-0.3649776105434452, 0.1067357069563635, 0.002984420877562965, -0.002477954123125047]
  distortion_model: radtan
  intrinsics: [843.858052071779, 845.4261458999864, 642.0304338748831, 344.2220673496408]
  resolution: [1280, 720]
  rostopic: /front_camera/image_raw
  timeshift_cam_imu: 0.644221742932939
